##FastQC	0.12.1
>>Basic Statistics	pass
#Measure	Value
Filename	ERR13347008_1.gz
File type	Conventional base calls
Encoding	Sanger / Illumina 1.9
Total Sequences	657432
Total Bases	116.6 Mbp
Sequences flagged as poor quality	0
Sequence length	35-251
%GC	33
>>END_MODULE
>>Per base sequence quality	pass
#Base	Mean	Median	Lower Quartile	Upper Quartile	10th Percentile	90th Percentile
1	33.63178853478382	34.0	34.0	34.0	34.0	34.0
2	33.5549349590528	34.0	34.0	34.0	34.0	34.0
3	33.62420295939352	34.0	34.0	34.0	34.0	34.0
4	33.621256647075285	34.0	34.0	34.0	34.0	34.0
5	33.622026308424296	34.0	34.0	34.0	34.0	34.0
6	37.44075280789496	38.0	38.0	38.0	37.0	38.0
7	37.3753772253252	38.0	38.0	38.0	37.0	38.0
8	37.27670998673627	38.0	38.0	38.0	37.0	38.0
9	37.25100086396768	38.0	38.0	38.0	37.0	38.0
10-14	37.20596107278015	38.0	38.0	38.0	36.2	38.0
15-19	37.181304226140504	38.0	38.0	38.0	36.2	38.0
20-24	37.172929215493006	38.0	38.0	38.0	36.2	38.0
25-29	37.062539091495395	38.0	38.0	38.0	36.0	38.0
30-34	36.99927292860706	38.0	38.0	38.0	36.0	38.0
35-39	36.96755885249171	38.0	38.0	38.0	35.8	38.0
40-44	36.880618591268544	38.0	37.6	38.0	35.6	38.0
45-49	36.85843395255377	38.0	37.4	38.0	35.2	38.0
50-54	36.880644278138426	38.0	37.6	38.0	35.4	38.0
55-59	36.76244286422125	38.0	37.2	38.0	34.8	38.0
60-64	36.721280624503194	38.0	37.0	38.0	34.2	38.0
65-69	36.771985097198375	38.0	37.4	38.0	34.8	38.0
70-74	36.77503596091361	38.0	37.2	38.0	34.8	38.0
75-79	36.70968304085721	38.0	37.0	38.0	34.2	38.0
80-84	36.686197511895784	38.0	37.0	38.0	34.2	38.0
85-89	36.64648185511813	38.0	37.0	38.0	34.2	38.0
90-94	36.666844102085996	38.0	37.0	38.0	34.2	38.0
95-99	36.53638215827386	38.0	37.0	38.0	34.0	38.0
100-104	36.50128746582196	38.0	37.0	38.0	34.0	38.0
105-109	36.554747895821365	38.0	37.0	38.0	34.0	38.0
110-114	36.401986899286285	38.0	37.0	38.0	33.8	38.0
115-119	36.416850565223946	38.0	37.0	38.0	33.8	38.0
120-124	36.273833629335186	38.0	37.0	38.0	33.4	38.0
125-129	36.23461226323172	38.0	37.0	38.0	33.0	38.0
130-134	36.298899805413825	38.0	37.0	38.0	33.4	38.0
135-139	36.17251746305282	38.0	37.0	38.0	32.8	38.0
140-144	35.86930152785459	38.0	37.0	38.0	31.2	38.0
145-149	35.710652381041065	38.0	36.8	38.0	30.8	38.0
150-154	35.67575255442909	38.0	36.2	38.0	30.6	38.0
155-159	35.853541261265114	38.0	36.8	38.0	31.4	38.0
160-164	35.816018092483354	38.0	37.0	38.0	31.2	38.0
165-169	35.610112506260755	38.0	36.2	38.0	30.4	38.0
170-174	35.515497956182074	38.0	36.0	38.0	30.0	38.0
175-179	35.59537526999405	38.0	36.2	38.0	30.0	38.0
180-184	35.43166843470517	38.0	36.0	38.0	28.8	38.0
185-189	35.26779292016845	38.0	35.8	38.0	27.8	38.0
190-194	35.06484902789676	38.0	35.4	38.0	27.2	38.0
195-199	34.720944580136674	37.8	35.0	38.0	26.4	38.0
200-204	34.67069581986036	37.4	35.0	38.0	26.2	38.0
205-209	34.43004915310725	37.0	34.8	38.0	25.2	38.0
210-214	34.10254911461292	37.0	34.4	38.0	24.2	38.0
215-219	33.83008369156488	37.0	34.0	38.0	23.4	38.0
220-224	33.91744104270287	37.0	33.8	37.8	24.2	38.0
225-229	34.25607328609649	37.0	34.6	38.0	24.0	38.0
230-234	33.8144220209214	37.0	33.8	37.6	23.4	38.0
235-239	33.25377359963232	37.0	32.4	37.2	22.0	38.0
240-244	32.9851565549893	37.0	32.0	37.0	21.6	37.6
245-249	32.4933974747797	36.6	31.4	37.0	20.2	37.2
250-251	29.216984184683948	32.5	25.0	36.5	15.0	37.5
>>END_MODULE
>>Per sequence quality scores	pass
#Quality	Count
2	746.0
3	0.0
4	0.0
5	0.0
6	0.0
7	0.0
8	0.0
9	0.0
10	0.0
11	1.0
12	1.0
13	10.0
14	16.0
15	34.0
16	34.0
17	67.0
18	83.0
19	126.0
20	276.0
21	425.0
22	668.0
23	909.0
24	1224.0
25	1661.0
26	2331.0
27	3333.0
28	4669.0
29	6607.0
30	9342.0
31	12781.0
32	17825.0
33	24081.0
34	33065.0
35	49260.0
36	89799.0
37	398058.0
>>END_MODULE
>>Per base sequence content	fail
#Base	G	A	T	C
1	33.062072284166256	30.081956977916384	16.612201265140417	20.243769472776943
2	11.413369555617145	23.60169091468373	47.29627249553059	17.68866703416854
3	13.56356005762267	32.92837063680359	36.32116414846669	17.18690515710705
4	9.517638566986353	21.772658469953676	49.2626613023576	19.447041660702375
5	8.875017892874219	40.91148585473118	41.36421364244099	8.849282609953615
6	19.44734622026357	48.739123416670985	22.497510225587266	9.316020137478185
7	18.22971709462361	37.617065081332626	30.743612624602928	13.40960519944083
8	17.71348863840557	43.140557283085066	25.255906171290388	13.890047907218975
9	20.20021745552669	20.550460950895864	29.928002119734547	29.321319473842898
10-14	18.539667360047268	28.88981948754808	34.545064155471565	18.025448996933086
15-19	16.670981260450198	34.92844373109828	32.010610855111885	16.389964153339648
20-24	16.7130104798945	33.28537535443119	33.467836987540466	16.53377717813384
25-29	16.945237145302322	33.27474622574564	33.062681403288636	16.71733522566341
30-34	16.888771802657587	33.298532327474625	33.08055904953052	16.73213682033727
35-39	16.862146169497148	33.27721053640974	33.0873158718461	16.773327422247007
40-44	16.964602618169657	33.228068380978684	33.0279098098218	16.779419191029856
45-49	16.99791622908299	33.186438673507034	32.984898666398934	16.830746431011047
50-54	16.950954131468038	33.1847123089845	33.00797994096928	16.856353618578176
55-59	17.000574288805684	33.02817141379775	33.001723491663434	16.969530805733136
60-64	16.99328237347934	33.158780005067165	32.95347449677749	16.894463124676008
65-69	16.95197548585059	33.12855998497989	32.954419760500606	16.965044768668914
70-74	16.956195119716956	33.04543377014461	33.015984731657326	16.982386378481106
75-79	17.023075527782634	33.14957014251234	32.928832072058526	16.898522257646494
80-84	16.917971851209458	33.09299292647428	33.05437567617511	16.934659546141145
85-89	16.988547179450002	33.07192870353667	32.91982014030674	17.019703976706584
90-94	16.99714933801599	33.1214851736047	32.9473963244247	16.93396916395461
95-99	16.865015343425416	33.198590065504284	32.91624581292127	17.02014877814903
100-104	16.98909457658527	33.08398669530464	32.92958661536473	16.99733211274537
105-109	17.04415463051291	33.061967441227594	32.91247597262061	16.981401955638884
110-114	16.877369108908358	33.122160503142	32.98322671833659	17.017243669613052
115-119	16.977420084657762	33.02542246698676	32.98404110291004	17.01311634544544
120-124	17.012250097025543	33.13851267302889	32.89800873727472	16.95122849267084
125-129	16.938939766374453	33.148010045709704	32.88997206196031	17.023078125955536
130-134	16.984710827852737	33.06224150789884	32.86646552308631	17.08658214116211
135-139	17.089168618215645	33.02441723138108	32.884484374602714	17.00192977580056
140-144	16.92244717918371	33.05645081508199	33.005170672114765	17.015931333619534
145-149	17.02053692563315	32.98129773649735	32.835418575812945	17.162746762056553
150-154	16.986442069662758	33.02769043612571	32.91721768794158	17.06864980626995
155-159	16.9302522316821	33.09614605326621	32.89500177256495	17.078599942486733
160-164	16.96877319031235	33.09958552587196	32.764116575591984	17.167524708223706
165-169	16.96761053274299	33.007670122259356	32.84186963751903	17.182849707478614
170-174	16.94899604505187	33.087338865359065	32.824302611952845	17.13936247763622
175-179	16.994736608003322	32.979079870120245	32.80288226311029	17.223301258766142
180-184	16.99669233807267	33.044468305687204	32.765600315955766	17.19323904028436
185-189	16.914659187177136	33.015300882676534	32.90656397140855	17.163475958737777
190-194	16.93999954552199	33.04897267918798	32.745007091193685	17.266020684096343
195-199	16.97774454787021	33.05535773086142	32.79965916139502	17.167238559873354
200-204	16.884989349523988	33.19811334424947	32.73876628363594	17.178131022590602
205-209	16.949337902935675	33.10062955222372	32.667402288170045	17.28263025667056
210-214	16.942461018813088	33.105533953890266	32.6929028710577	17.259102156238953
215-219	16.837074178766038	33.25840198407314	32.70025879925647	17.204265037904364
220-224	16.90268860762941	33.10063045091538	32.68949271168785	17.30718822976736
225-229	16.890545368872857	33.18146309145694	32.656412472963616	17.271579066706582
230-234	16.807764106211913	33.229368415427224	32.62566548297156	17.3372019953893
235-239	16.776130678076104	33.162945912858916	32.653317521687484	17.407605887377496
240-244	16.85792815506686	33.21968303530038	32.62271989089571	17.299668918737048
245-249	16.83261958524748	33.33042643203821	32.65176879752914	17.185185185185183
250-251	18.665711121245685	38.56463427119496	35.49323827517847	7.27641633238089
>>END_MODULE
>>Per sequence GC content	pass
#GC Content	Count
0	746.0
1	373.0
2	0.0
3	0.0
4	0.0
5	0.0
6	0.0
7	1.0
8	2.5
9	5.0
10	7.0
11	11.0
12	19.5
13	37.0
14	67.33333333333334
15	108.99999999999999
16	191.16666666666666
17	332.1666666666666
18	591.4999999999999
19	1010.666666666669
20	1620.6666666666604
21	2513.333333333336
22	3655.3333333334094
23	5273.499999999944
24	7549.666666666271
25	10213.500000000071
26	13660.833333334627
27	17859.500000001346
28	22430.833333330997
29	27066.66666665996
30	31360.166666655656
31	35472.83333332567
32	38932.83333333256
33	40941.66666667042
34	41352.50000000479
35	40382.00000000212
36	38296.49999999743
37	34648.99999999014
38	30332.166666655965
39	25332.499999994725
40	20534.666666665908
41	16167.000000002336
42	12368.166666667486
43	9132.999999999807
44	6626.499999999811
45	4762.5000000000155
46	3431.6666666667093
47	2516.333333333335
48	2017.6666666666374
49	1644.8333333333167
50	1326.666666666662
51	1109.5000000000064
52	854.3333333333392
53	627.8333333333344
54	481.16666666666396
55	370.33333333333263
56	284.00000000000017
57	233.33333333333383
58	180.33333333333348
59	124.16666666666657
60	87.5
61	45.33333333333333
62	19.333333333333336
63	10.333333333333332
64	7.166666666666668
65	6.5
66	4.166666666666667
67	4.166666666666667
68	2.8333333333333335
69	0.8333333333333333
70	0.0
71	0.0
72	0.5
73	0.8333333333333333
74	0.6666666666666666
75	1.3333333333333333
76	1.5
77	0.5
78	0.3333333333333333
79	0.3333333333333333
80	0.0
81	0.0
82	0.0
83	0.3333333333333333
84	1.1666666666666665
85	0.8333333333333333
86	0.0
87	0.0
88	0.0
89	0.3333333333333333
90	0.3333333333333333
91	0.0
92	0.0
93	0.0
94	0.0
95	0.0
96	0.0
97	0.0
98	0.0
99	0.0
100	0.0
>>END_MODULE
>>Per base N content	pass
#Base	N-Count
1	0.1134718115333601
2	0.1134718115333601
3	0.1134718115333601
4	0.1134718115333601
5	0.1134718115333601
6	0.1134718115333601
7	0.1134718115333601
8	0.1134718115333601
9	0.1134718115333601
10-14	0.1134718115333601
15-19	0.1134718115333601
20-24	0.1134718115333601
25-29	0.1134718115333601
30-34	0.1134718115333601
35-39	0.02274072012483619
40-44	0.0
45-49	0.0
50-54	0.0
55-59	0.0
60-64	0.0
65-69	0.0
70-74	0.0
75-79	0.0
80-84	0.0
85-89	0.0
90-94	0.0
95-99	0.0
100-104	0.0
105-109	0.0
110-114	0.0
115-119	0.0
120-124	0.0
125-129	0.0
130-134	0.0
135-139	0.0
140-144	0.0
145-149	0.0
150-154	0.0
155-159	0.0
160-164	0.0
165-169	0.0
170-174	0.0
175-179	0.0
180-184	0.0
185-189	0.0
190-194	0.0
195-199	0.0
200-204	0.0
205-209	0.0
210-214	0.0
215-219	0.0
220-224	8.510399282403132E-5
225-229	8.857121346991014E-5
230-234	0.0
235-239	0.0
240-244	0.0
245-249	0.0
250-251	0.0
>>END_MODULE
>>Sequence Length Distribution	warn
#Length	Count
35-39	3067.0
40-44	3292.0
45-49	4333.0
50-54	4839.0
55-59	5552.0
60-64	6226.0
65-69	6983.0
70-74	7861.0
75-79	8628.0
80-84	9606.0
85-89	10142.0
90-94	11369.0
95-99	11953.0
100-104	13055.0
105-109	13376.0
110-114	14214.0
115-119	14509.0
120-124	15061.0
125-129	15137.0
130-134	15748.0
135-139	15579.0
140-144	15574.0
145-149	15467.0
150-154	15351.0
155-159	15241.0
160-164	14601.0
165-169	14251.0
170-174	13800.0
175-179	13341.0
180-184	12865.0
185-189	12317.0
190-194	12138.0
195-199	11477.0
200-204	11022.0
205-209	10727.0
210-214	10117.0
215-219	9849.0
220-224	9317.0
225-229	8957.0
230-234	8553.0
235-239	8176.0
240-244	7578.0
245-249	19157.0
250-252	177026.0
>>END_MODULE
>>Sequence Duplication Levels	pass
#Total Deduplicated Percentage	77.97592755184996
#Duplication Level	Percentage of total
1	63.11604868759514
2	21.10808991324408
3	8.36176966406077
4	3.6883215975690296
5	1.6509354169737496
6	0.775330582088075
7	0.4056631620422876
8	0.24552694558043048
9	0.14327642075859612
>10	0.39173161804261886
>50	0.0
>100	0.0
>500	0.1133059920451637
>1k	0.0
>5k	0.0
>10k+	0.0
>>END_MODULE
>>Overrepresented sequences	warn
#Sequence	Count	Percentage	Possible Source
NNNNNNNNNNNNNNNNNNNNNNNNNNNNNNNNNNN	746	0.1134718115333601	No Hit
>>END_MODULE
>>Adapter Content	pass
#Position	Illumina Universal Adapter	Illumina Small RNA 3' Adapter	Illumina Small RNA 5' Adapter	Nextera Transposase Sequence	PolyA	PolyG
1	0.0	0.0	0.0	0.0	0.0	0.0021294978035751224
2	0.0	0.0	0.0	0.0	0.0	0.0021294978035751224
3	0.0	0.0	0.0	0.0	0.0	0.0021294978035751224
4	0.0	0.0	0.0	0.0	0.0	0.0021294978035751224
5	0.0	0.0	0.0	0.0	0.0	0.0021294978035751224
6	0.0	0.0	0.0	0.0	0.0	0.0021294978035751224
7	0.0	0.0	0.0	0.0	0.0	0.0021294978035751224
8	0.0	0.0	0.0	0.0	0.0	0.0021294978035751224
9	0.0	0.0	0.0	0.0	0.0	0.0021294978035751224
10-14	0.0	0.0	0.0	0.0	0.0	0.0021294978035751224
15-19	0.0	0.0	0.0	0.0	3.0421397193930326E-5	0.0021294978035751224
20-24	0.0	0.0	0.0	0.0	1.5210698596965162E-4	0.0021294978035751224
25-29	0.0	0.0	0.0	0.0	1.5210698596965162E-4	0.0021294978035751224
30-34	0.0	0.0	0.0	0.0	2.1294978035751223E-4	0.0023120261867387044
35-39	0.0	0.0	0.0	6.084279438786065E-4	3.0421397193930325E-4	0.0025858187614840773
40-44	0.0	0.0	0.0	0.0010951702989814916	3.9547816352109423E-4	0.0025858187614840773
45-49	0.0	0.0	0.0	0.0018252838316358193	4.563209579089548E-4	0.0026770829530658687
50-54	0.0	0.0	0.0	0.002524975967096217	4.563209579089548E-4	0.002737925747453729
55-59	0.0	0.0	0.0	0.0038939388408230817	4.563209579089548E-4	0.002737925747453729
60-64	0.0	0.0	0.0	0.005506272892101388	6.084279438786065E-4	0.002737925747453729
65-69	0.0	0.0	0.0	0.0068143929714403915	6.084279438786065E-4	0.002737925747453729
70-74	0.0	0.0	0.0	0.008092091653585466	6.084279438786065E-4	0.0029508755278112413
75-79	0.0	0.0	0.0	0.010982124387008846	6.692707382664671E-4	0.003194246705362684
80-84	0.0	0.0	0.0	0.014358899475535114	7.605349298482581E-4	0.003194246705362684
85-89	0.0	0.0	0.0	0.01788778155003103	7.605349298482581E-4	0.003194246705362684
90-94	0.0	0.0	0.0	0.020929921269424064	7.605349298482581E-4	0.003194246705362684
95-99	0.0	0.0	0.0	0.02442838194672605	7.605349298482581E-4	0.003194246705362684
100-104	0.0	0.0	0.0	0.02874822034826416	9.126419158179096E-4	0.003346353691332336
105-109	0.0	0.0	0.0	0.03309848014699619	0.0016427554484722373	0.003346353691332336
110-114	0.0	0.0	0.0	0.038239696272770414	0.0021294978035751224	0.0033767750885262656
115-119	0.0	0.0	0.0	0.04341133379573857	0.0035897248688837777	0.003498460677301987
120-124	0.0	0.0	0.0	0.04891760668783997	0.0049891091398045736	0.003498460677301987
125-129	0.0	0.0	0.0	0.05524525730417747	0.006388493410725368	0.0036201462660777083
130-134	0.0	0.0	0.0	0.06126869394857567	0.007939984667615814	0.0036505676632716385
135-139	0.0	0.0	0.0	0.0667141240462892	0.009552318718894122	0.0036505676632716385
140-144	0.0	0.0	0.0	0.07325472444298423	0.011773080714051035	0.0036505676632716385
145-149	0.0	0.0	0.0	0.08073838815269108	0.014571849255892624	0.0036505676632716385
150-154	0.0	0.0	0.0	0.08800910208204042	0.0171576680173767	0.0036505676632716385
155-159	0.0	0.0	0.0	0.09506686623103226	0.020412757517127247	0.0036505676632716385
160-164	0.0	0.0	0.0	0.10072524610910331	0.024641331727083566	0.0036505676632716385
165-169	0.0	0.0	0.0	0.10544056267416249	0.029052434320203456	0.003680989060465569
170-174	0.0	0.0	0.0	0.11225495564560288	0.0326117377918933	0.003924360238017012
175-179	0.0	0.0	0.0	0.11952566957495223	0.03674904781026783	0.003954781635210942
180-184	0.0	0.0	0.0	0.12503194246705363	0.041646892758490615	0.004076467223986663
185-189	0.0	0.0	0.0	0.13157254286374864	0.046636001898295185	0.0041068886211805935
190-194	0.0	0.0	0.0	0.1387824139987101	0.051716375229681553	0.0041068886211805935
195-199	0.0	0.0	0.0	0.14419742269922972	0.05907835335061269	0.0041068886211805935
200-204	0.0	0.0	0.0	0.15107265846505796	0.0649192616118473	0.0041068886211805935
205-209	0.0	0.0	0.0	0.1568831453290987	0.07066890568150014	0.0041068886211805935
210-214	0.0	0.0	0.0	0.1627544749875272	0.07766582703610411	0.0041068886211805935
215-219	0.0	0.0	0.0	0.1675306343469743	0.0841760060356052	0.004228574209956314
220-224	0.0	0.0	0.0	0.17221552951483957	0.09102082040423952	0.004258995607150245
225-229	0.0	0.0	0.0	0.1770829530658684	0.09765268499251634	0.004258995607150245
230-234	0.0	0.0	0.0	0.1839886102288906	0.10507550590783535	0.004258995607150245
235-239	0.0	0.0	0.0	0.18925151194344053	0.11283296219228756	0.004258995607150245
240	0.0	0.0	0.0	0.18998162547609487	0.11803502111244965	0.004258995607150245
>>END_MODULE
