##FastQC	0.12.1
>>Basic Statistics	pass
#Measure	Value
Filename	ERR13347005_2.gz
File type	Conventional base calls
Encoding	Sanger / Illumina 1.9
Total Sequences	394611
Total Bases	75.2 Mbp
Sequences flagged as poor quality	0
Sequence length	35-251
%GC	34
>>END_MODULE
>>Per base sequence quality	pass
#Base	Mean	Median	Lower Quartile	Upper Quartile	10th Percentile	90th Percentile
1	33.25016535271445	34.0	34.0	34.0	34.0	34.0
2	33.28479439245231	34.0	34.0	34.0	34.0	34.0
3	33.384211286558156	34.0	34.0	34.0	34.0	34.0
4	33.39008796004166	34.0	34.0	34.0	34.0	34.0
5	33.42361211420867	34.0	34.0	34.0	34.0	34.0
6	37.118762528160644	38.0	38.0	38.0	36.0	38.0
7	37.12207465073199	38.0	38.0	38.0	36.0	38.0
8	36.97425819351209	38.0	38.0	38.0	36.0	38.0
9	37.06764889980259	38.0	38.0	38.0	36.0	38.0
10-14	36.868690431843	38.0	38.0	38.0	35.4	38.0
15-19	36.83102092947232	38.0	38.0	38.0	35.6	38.0
20-24	37.00721064542042	38.0	38.0	38.0	36.0	38.0
25-29	36.94430717846183	38.0	38.0	38.0	35.8	38.0
30-34	36.87878442314077	38.0	38.0	38.0	35.8	38.0
35-39	36.802156762232514	38.0	37.8	38.0	35.2	38.0
40-44	36.76074954937784	38.0	37.8	38.0	34.8	38.0
45-49	36.932687232731595	38.0	38.0	38.0	35.8	38.0
50-54	36.96641368245797	38.0	38.0	38.0	36.0	38.0
55-59	36.85064555658727	38.0	38.0	38.0	35.4	38.0
60-64	36.82748612139056	38.0	37.8	38.0	35.2	38.0
65-69	36.73522198065421	38.0	37.4	38.0	34.8	38.0
70-74	36.68614029782468	38.0	37.2	38.0	34.6	38.0
75-79	36.623860901551296	38.0	37.0	38.0	34.4	38.0
80-84	36.49892460836404	38.0	37.0	38.0	34.0	38.0
85-89	36.55411374937095	38.0	37.0	38.0	34.0	38.0
90-94	36.52095502989124	38.0	37.0	38.0	34.0	38.0
95-99	36.51122762609792	38.0	37.0	38.0	34.0	38.0
100-104	36.40661636969975	38.0	37.0	38.0	33.8	38.0
105-109	36.16988880767124	38.0	37.0	38.0	33.0	38.0
110-114	36.04516024040047	38.0	37.0	38.0	32.4	38.0
115-119	36.065867555493426	38.0	37.0	38.0	32.6	38.0
120-124	36.11346948303901	38.0	37.0	38.0	32.2	38.0
125-129	36.11884059977721	38.0	37.0	38.0	32.0	38.0
130-134	35.99112689855254	38.0	37.0	38.0	32.0	38.0
135-139	35.916372501695136	38.0	37.0	38.0	31.8	38.0
140-144	35.883184112401906	38.0	37.0	38.0	31.4	38.0
145-149	35.72786144689999	38.0	36.6	38.0	30.6	38.0
150-154	35.483440339702966	38.0	36.2	38.0	29.4	38.0
155-159	35.37646935625548	38.0	36.2	38.0	29.2	38.0
160-164	35.17967487704072	38.0	35.8	38.0	28.2	38.0
165-169	35.15383079407681	38.0	35.6	38.0	27.6	38.0
170-174	34.81306528793015	38.0	35.0	38.0	26.4	38.0
175-179	34.87495530356374	38.0	35.4	38.0	26.8	38.0
180-184	35.145533035974054	38.0	35.8	38.0	28.0	38.0
185-189	34.782674726771724	37.8	35.0	38.0	27.0	38.0
190-194	34.34084850277092	37.2	34.8	38.0	24.8	38.0
195-199	33.78981869534137	37.0	33.8	38.0	23.4	38.0
200-204	33.67462497219039	37.0	33.6	37.8	23.4	38.0
205-209	34.03903881860261	37.0	34.2	38.0	23.6	38.0
210-214	33.59945845966497	37.0	33.8	37.2	22.8	37.8
215-219	33.212237005992236	37.0	32.8	37.0	22.0	37.8
220-224	32.912385111917494	37.0	32.0	37.0	21.8	37.6
225-229	32.27301819453935	36.4	30.4	37.0	20.6	37.4
230-234	31.590978388006853	36.0	29.0	37.0	19.4	37.2
235-239	31.15472106640376	35.4	28.2	37.0	18.2	37.0
240-244	30.48674192420563	34.2	26.4	37.0	16.4	37.0
245-249	30.05426708903864	33.8	25.8	37.0	15.4	37.0
250-251	26.1281674178112	28.0	19.0	34.5	12.0	36.5
>>END_MODULE
>>Per sequence quality scores	pass
#Quality	Count
2	324.0
3	0.0
4	0.0
5	0.0
6	0.0
7	0.0
8	0.0
9	0.0
10	0.0
11	0.0
12	1.0
13	6.0
14	15.0
15	34.0
16	64.0
17	93.0
18	117.0
19	243.0
20	360.0
21	586.0
22	785.0
23	1103.0
24	1448.0
25	1779.0
26	2385.0
27	2939.0
28	3867.0
29	5091.0
30	6710.0
31	8605.0
32	11266.0
33	15081.0
34	21044.0
35	32609.0
36	63497.0
37	214559.0
>>END_MODULE
>>Per base sequence content	fail
#Base	G	A	T	C
1	33.32876813082856	29.299216053280986	16.579040140811134	20.79297567507932
2	11.49594077410617	23.33959780565933	47.15600565070621	18.008455769528286
3	13.495499471197375	32.59021981450061	36.50335922817643	17.410921486125588
4	9.33533187754098	21.56804561144547	49.40665048556001	19.68997202545354
5	8.836963937436435	40.88214929733925	41.420082325818505	8.860804439405813
6	19.496711786084756	48.6064719354176	22.536375787180404	9.360440491317238
7	18.477910760435925	37.39585631785983	30.464103559082595	13.662129362621645
8	18.187766779021374	42.3899342357217	25.247598830293672	14.174700154963263
9	20.433339166647645	20.321998950003422	29.495012516263536	29.749649367085397
10-14	18.74431568882565	28.406465341236203	34.6068219342763	18.24239703566184
15-19	16.92234336917017	34.4390253799897	31.97386675188378	16.664764498956345
20-24	16.84011899961196	32.947573721679895	33.46034741191061	16.751959866797534
25-29	17.069190716407086	32.964972215670315	33.03710241524575	16.92873465267686
30-34	17.011009746707348	32.968928724507784	33.083210960543965	16.9368505682409
35-39	16.998099883292326	32.9648166207163	33.026647829638264	17.01043566635311
40-44	17.098296785192872	32.82610832195633	33.01915664718191	17.05643824566889
45-49	17.117007031577934	32.867833636946024	32.97100912065141	17.044150210824633
50-54	17.031198693121468	32.841027106218824	32.94868322943704	17.17909097122267
55-59	17.102620164041817	32.75013897470764	32.96304409372991	17.18419676752063
60-64	17.101695012165894	32.83663085079121	32.97323399630215	17.088440140740744
65-69	17.05592496931729	32.76819569944811	33.02716041629049	17.148718914944116
70-74	17.074209197603654	32.79697792269117	32.910411341231466	17.218401538473714
75-79	17.158869333469568	32.82521882769661	32.84788920677089	17.16802263206294
80-84	17.021864414614406	32.81301566381756	32.98007058446647	17.185049337101567
85-89	17.055740155991593	32.73731780516481	32.932904925101	17.2740371137426
90-94	17.18377219564617	32.762935154559685	32.909943671484086	17.14334897831006
95-99	17.024098051063433	32.841844276824354	32.89234583646413	17.24171183564808
100-104	17.16773999799793	32.643844967483346	32.943363509524815	17.245051524993908
105-109	17.18100011783675	32.69498389085443	32.98037874455005	17.14363724675877
110-114	17.03507158684365	32.70345334278622	32.98961353165662	17.27186153871352
115-119	17.060624522356402	32.66527809736597	32.936335250067664	17.337762130209967
120-124	17.151506925521353	32.70938617062522	32.86118342208461	17.27792348176881
125-129	17.03298618893222	32.73149600808841	32.955932085207266	17.2795857177721
130-134	17.11889809508813	32.61147154617185	32.894202516975014	17.375427841765006
135-139	17.11360382205018	32.70576584579016	32.86418940707595	17.31644092508371
140-144	17.0855665442557	32.73350390709753	32.9103695100628	17.270560038583973
145-149	17.1672900566647	32.5398525142629	32.85675202526906	17.43610540380335
150-154	17.135888848596032	32.69552109331115	32.800614347575674	17.367975710517147
155-159	17.03694797782784	32.62527189192795	32.96154914801698	17.37623098222723
160-164	17.134944924606998	32.44841551399918	32.91755105498765	17.499088506406174
165-169	17.122400768330888	32.56927442275547	32.856460754717865	17.451864054195774
170-174	17.049767715106963	32.609663601050194	32.91390872969376	17.426659954149088
175-179	17.112826614248412	32.52501419289461	32.751933285452346	17.610225907404637
180-184	17.203878349978048	32.63293618664711	32.64081619575674	17.5223692676181
185-189	17.08259421066185	32.48317402379728	32.90677319005793	17.52745857548293
190-194	17.125004068083445	32.399983262742396	32.762251905025366	17.712760764148793
195-199	17.17022808984756	32.343597392542655	32.85691283761048	17.629261679999306
200-204	17.090836314512295	32.505741375428414	32.78332874690416	17.62009356315513
205-209	17.095143855931102	32.51762163734489	32.67116492398153	17.716069582742485
210-214	17.1588589216538	32.39220741705237	32.755989195411715	17.692944465882118
215-219	17.033461241567565	32.39128732366004	32.835199749404275	17.74005168536812
220-224	17.05753067757115	32.445486284057644	32.74573114732781	17.751251891043392
225-229	17.073061974631678	32.359254014642524	32.77310114187581	17.79458286884999
230-234	16.98960101336297	32.41559898062894	32.71850639109603	17.876293614912058
235-239	17.02057756388447	32.37661383109412	32.65996763896933	17.942840966052085
240-244	17.012195368482338	32.32776686886711	32.76819635500126	17.891841407649295
245-249	17.02172936088715	32.4702815534932	32.66278120699383	17.845207878625818
250-251	18.25068523096067	37.076460004372024	37.274882712001215	7.397972052666095
>>END_MODULE
>>Per sequence GC content	pass
#GC Content	Count
0	324.0
1	162.0
2	0.0
3	0.0
4	0.0
5	0.0
6	0.0
7	0.0
8	0.5
9	1.5
10	3.5
11	6.0
12	7.5
13	11.5
14	25.0
15	51.0
16	84.49999999999999
17	147.99999999999997
18	256.8333333333335
19	399.6666666666664
20	661.6666666666669
21	1099.3333333333364
22	1652.6666666666556
23	2393.166666666665
24	3426.8333333334112
25	4659.1666666667015
26	6359.833333333047
27	8434.333333332723
28	10919.500000000522
29	13796.833333335455
30	16760.166666669935
31	19439.000000000255
32	21783.833333330535
33	23560.33333332808
34	24296.333333326904
35	24005.33333332712
36	22615.666666662484
37	20599.499999998752
38	17978.333333335682
39	15032.833333336639
40	12160.666666668038
41	9486.166666666497
42	7133.999999999493
43	5192.666666666611
44	3784.6666666667807
45	2689.5000000000186
46	1884.6666666666417
47	1372.999999999995
48	1089.6666666666733
49	896.8333333333419
50	737.1666666666713
51	636.666666666668
52	486.4999999999959
53	365.1666666666651
54	286.50000000000045
55	210.50000000000065
56	154.83333333333334
57	129.83333333333312
58	95.83333333333323
59	53.1666666666667
60	42.16666666666667
61	29.999999999999996
62	15.66666666666667
63	11.0
64	7.833333333333333
65	5.499999999999999
66	3.5
67	4.333333333333334
68	4.666666666666667
69	5.166666666666666
70	2.8333333333333335
71	2.333333333333333
72	3.666666666666667
73	2.666666666666667
74	2.0
75	2.1666666666666665
76	1.9999999999999998
77	1.0
78	0.8333333333333333
79	1.9999999999999998
80	1.0
81	0.8333333333333333
82	0.0
83	0.6666666666666666
84	0.3333333333333333
85	0.3333333333333333
86	0.3333333333333333
87	0.0
88	0.3333333333333333
89	0.3333333333333333
90	0.6666666666666666
91	0.6666666666666666
92	0.6666666666666666
93	0.6666666666666666
94	0.3333333333333333
95	0.0
96	0.0
97	0.0
98	0.3333333333333333
99	0.3333333333333333
100	0.5
>>END_MODULE
>>Per base N content	pass
#Base	N-Count
1	0.08210617544873305
2	0.08210617544873305
3	0.08210617544873305
4	0.08210617544873305
5	0.08210617544873305
6	0.08210617544873305
7	0.08210617544873305
8	0.08210617544873305
9	0.08210617544873305
10-14	0.08210617544873305
15-19	0.08210617544873305
20-24	0.08210617544873305
25-29	0.08210617544873305
30-34	0.08210617544873305
35-39	0.01644500592070969
40-44	0.0
45-49	0.0
50-54	0.0
55-59	0.0
60-64	0.0
65-69	0.0
70-74	0.0
75-79	0.0
80-84	0.0
85-89	0.0
90-94	0.0
95-99	0.0
100-104	0.0
105-109	0.0
110-114	0.0
115-119	0.0
120-124	0.0
125-129	0.0
130-134	0.0
135-139	0.0
140-144	0.0
145-149	0.0
150-154	0.0
155-159	0.0
160-164	0.0
165-169	0.0
170-174	0.0
175-179	0.0
180-184	0.0
185-189	0.0
190-194	0.0
195-199	0.0
200-204	0.0
205-209	0.0
210-214	0.0
215-219	0.0
220-224	0.0
225-229	0.0
230-234	0.0
235-239	0.0
240-244	0.0
245-249	0.0
250-251	0.0
>>END_MODULE
>>Sequence Length Distribution	warn
#Length	Count
35-39	1288.0
40-44	1457.0
45-49	1823.0
50-54	2050.0
55-59	2250.0
60-64	2475.0
65-69	2910.0
70-74	3182.0
75-79	3527.0
80-84	3928.0
85-89	4178.0
90-94	4789.0
95-99	4942.0
100-104	5564.0
105-109	5808.0
110-114	6375.0
115-119	6578.0
120-124	7295.0
125-129	7401.0
130-134	7820.0
135-139	7964.0
140-144	8187.0
145-149	8208.0
150-154	8358.0
155-159	8510.0
160-164	8390.0
165-169	8540.0
170-174	8296.0
175-179	8287.0
180-184	8103.0
185-189	7954.0
190-194	7718.0
195-199	7629.0
200-204	7392.0
205-209	7137.0
210-214	6839.0
215-219	6636.0
220-224	6366.0
225-229	6259.0
230-234	5932.0
235-239	5653.0
240-244	5321.0
245-249	14282.0
250-252	131010.0
>>END_MODULE
>>Sequence Duplication Levels	pass
#Total Deduplicated Percentage	84.43158082077538
#Duplication Level	Percentage of total
1	72.66702640504374
2	18.318196629169652
3	5.680461109666539
4	1.8843714453007536
5	0.764688056941125
6	0.3004362959931024
7	0.15207018863517388
8	0.0552792309709558
9	0.02185857036362626
>10	0.07350247160159297
>50	0.0
>100	0.08210959631372389
>500	0.0
>1k	0.0
>5k	0.0
>10k+	0.0
>>END_MODULE
>>Overrepresented sequences	pass
>>END_MODULE
>>Adapter Content	pass
#Position	Illumina Universal Adapter	Illumina Small RNA 3' Adapter	Illumina Small RNA 5' Adapter	Nextera Transposase Sequence	PolyA	PolyG
1	0.0	0.0	0.0	0.0	0.0	0.0
2	0.0	0.0	0.0	0.0	0.0	0.0
3	0.0	0.0	0.0	0.0	0.0	0.0
4	0.0	0.0	0.0	0.0	0.0	0.0
5	0.0	0.0	0.0	0.0	0.0	0.0
6	0.0	0.0	0.0	0.0	0.0	0.0
7	0.0	0.0	0.0	0.0	0.0	0.0
8	0.0	0.0	0.0	0.0	0.0	0.0
9	0.0	0.0	0.0	0.0	0.0	0.0
10-14	0.0	0.0	0.0	0.0	0.0	0.0
15-19	0.0	0.0	0.0	0.0	0.0	5.068282435106979E-4
20-24	0.0	0.0	0.0	0.0	0.0	5.068282435106979E-4
25-29	0.0	0.0	0.0	0.0	0.0	5.068282435106979E-4
30-34	0.0	0.0	0.0	5.068282435106979E-5	1.0136564870213957E-4	7.095595409149771E-4
35-39	0.0	0.0	0.0	2.5341412175534895E-4	2.5341412175534895E-4	0.0010136564870213958
40-44	0.0	0.0	0.0	2.5341412175534895E-4	3.547797704574885E-4	0.0010136564870213958
45-49	0.0	0.0	0.0	5.575110678617678E-4	5.068282435106979E-4	0.0010136564870213958
50-54	0.0	0.0	0.0	0.0012670706087767446	5.068282435106979E-4	0.0010136564870213958
55-59	0.0	0.0	0.0	0.003040969461064187	5.068282435106979E-4	0.0010136564870213958
60-64	0.0	0.0	0.0	0.004460088542894141	5.068282435106979E-4	0.0010136564870213958
65-69	0.0	0.0	0.0	0.005575110678617677	5.068282435106979E-4	0.0010136564870213958
70-74	0.0	0.0	0.0	0.006791498463043351	5.068282435106979E-4	0.0010136564870213958
75-79	0.0	0.0	0.0	0.007602423652660469	5.068282435106979E-4	0.0010136564870213958
80-84	0.0	0.0	0.0	0.009933833572809678	5.068282435106979E-4	0.0010136564870213958
85-89	0.0	0.0	0.0	0.011352952654639634	5.068282435106979E-4	0.0010136564870213958
90-94	0.0	0.0	0.0	0.013329582804331353	5.068282435106979E-4	0.0010136564870213958
95-99	0.0	0.0	0.0	0.01667464921150196	5.068282435106979E-4	0.0010136564870213958
100-104	0.0	0.0	0.0	0.020019715618672565	5.068282435106979E-4	0.0010136564870213958
105-109	0.0	0.0	0.0	0.02417570721546029	5.575110678617678E-4	0.0012670706087767449
110-114	0.0	0.0	0.0	0.028027601866141595	8.109251896171166E-4	0.0015204847305320937
115-119	0.0	0.0	0.0	0.030916522854152573	0.0012670706087767446	0.0015204847305320937
120-124	0.0	0.0	0.0	0.03608617093796169	0.0016218503792342332	0.0015204847305320937
125-129	0.0	0.0	0.0	0.041610598792228295	0.0027368725149577687	0.0015204847305320937
130-134	0.0	0.0	0.0	0.045665224740313884	0.0030409694610641874	0.0015204847305320937
135-139	0.0	0.0	0.0	0.050986921297176205	0.003598480528925955	0.0015204847305320937
140-144	0.0	0.0	0.0	0.05564974113747462	0.004460088542894141	0.0015204847305320937
145-149	0.0	0.0	0.0	0.06117416899174123	0.006183304570830514	0.0015204847305320937
150-154	0.0	0.0	0.0	0.06852317852264636	0.007399692355256189	0.0015204847305320937
155-159	0.0	0.0	0.0	0.0758215052292004	0.008514714490979724	0.0015204847305320937
160-164	0.0	0.0	0.0	0.08134593308346702	0.009072225558841492	0.0015204847305320937
165-169	0.0	0.0	0.0	0.08600875292376545	0.010085882045862887	0.0015204847305320937
170-174	0.0	0.0	0.0	0.09188796054848952	0.011099538532884284	0.0015204847305320937
175-179	0.0	0.0	0.0	0.09873014183588394	0.012417291966012097	0.0017738988522874425
180-184	0.0	0.0	0.0	0.10709280785381045	0.013481631277384564	0.0017738988522874425
185-189	0.0	0.0	0.0	0.11312406395158776	0.014698019061810239	0.0017738988522874425
190-194	0.0	0.0	0.0	0.12037170783379074	0.016066455319289123	0.0017738988522874425
195-199	0.0	0.0	0.0	0.12893710514912154	0.017688305698523355	0.0017738988522874425
200-204	0.0	0.0	0.0	0.13745181964010128	0.01941152172645973	0.0017738988522874425
205-209	0.0	0.0	0.0	0.14571312000932565	0.020425178213481124	0.0017738988522874425
210-214	0.0	0.0	0.0	0.15387305472984786	0.0221483942414175	0.0017738988522874425
215-219	0.0	0.0	0.0	0.1608672844902955	0.02387161026935387	0.0017738988522874425
220-224	0.0	0.0	0.0	0.169939510049137	0.025037315229428474	0.0017738988522874425
225-229	0.0	0.0	0.0	0.18184997377163842	0.02610165454080094	0.0017738988522874425
230-234	0.0	0.0	0.0	0.19254404970971412	0.027824870568737316	0.0017738988522874425
235-239	0.0	0.0	0.0	0.20242720045817272	0.029700135069726897	0.0017738988522874425
240	0.0	0.0	0.0	0.2034915397695452	0.03066310873239722	0.0017738988522874425
>>END_MODULE
