##FastQC	0.12.1
>>Basic Statistics	pass
#Measure	Value
Filename	ERR13346996_2.gz
File type	Conventional base calls
Encoding	Sanger / Illumina 1.9
Total Sequences	317500
Total Bases	61.1 Mbp
Sequences flagged as poor quality	0
Sequence length	35-251
%GC	33
>>END_MODULE
>>Per base sequence quality	pass
#Base	Mean	Median	Lower Quartile	Upper Quartile	10th Percentile	90th Percentile
1	33.0728	34.0	34.0	34.0	32.0	34.0
2	33.08343622047244	34.0	34.0	34.0	32.0	34.0
3	33.16335748031496	34.0	34.0	34.0	33.0	34.0
4	33.1903874015748	34.0	34.0	34.0	34.0	34.0
5	33.230094488188975	34.0	34.0	34.0	34.0	34.0
6	36.88205354330709	38.0	38.0	38.0	35.0	38.0
7	36.8456094488189	38.0	38.0	38.0	35.0	38.0
8	36.690752755905514	38.0	37.0	38.0	35.0	38.0
9	36.78248818897638	38.0	38.0	38.0	35.0	38.0
10-14	36.54724031496063	38.0	37.2	38.0	34.4	38.0
15-19	36.49786330708662	38.0	37.0	38.0	34.0	38.0
20-24	36.71397669291339	38.0	37.4	38.0	34.4	38.0
25-29	36.63355968503937	38.0	37.2	38.0	34.4	38.0
30-34	36.55788535433071	38.0	37.0	38.0	34.0	38.0
35-39	36.457644629577814	38.0	37.0	38.0	34.0	38.0
40-44	36.39828439600258	38.0	37.0	38.0	34.0	38.0
45-49	36.6025529338718	38.0	37.0	38.0	34.0	38.0
50-54	36.65797436082496	38.0	37.0	38.0	34.2	38.0
55-59	36.509081385041895	38.0	37.0	38.0	34.0	38.0
60-64	36.47477884647359	38.0	37.0	38.0	34.0	38.0
65-69	36.36783698926565	38.0	37.0	38.0	34.0	38.0
70-74	36.31714014952003	38.0	37.0	38.0	33.8	38.0
75-79	36.235892452279586	38.0	37.0	38.0	33.6	38.0
80-84	36.07537848982619	38.0	37.0	38.0	32.6	38.0
85-89	36.16099461033235	38.0	37.0	38.0	32.6	38.0
90-94	36.11609756423305	38.0	37.0	38.0	32.4	38.0
95-99	36.09458235954322	38.0	37.0	38.0	32.4	38.0
100-104	35.972773349886175	38.0	37.0	38.0	32.0	38.0
105-109	35.70270542218611	38.0	36.8	38.0	31.2	38.0
110-114	35.56248410775891	38.0	36.6	38.0	30.0	38.0
115-119	35.573770884822345	38.0	36.6	38.0	30.0	38.0
120-124	35.6195141212391	38.0	37.0	38.0	30.2	38.0
125-129	35.61458983150273	38.0	37.0	38.0	30.4	38.0
130-134	35.47074453640683	38.0	36.4	38.0	29.2	38.0
135-139	35.372206284427676	38.0	36.0	38.0	28.8	38.0
140-144	35.34822727786615	38.0	36.0	38.0	28.6	38.0
145-149	35.16608942987048	38.0	36.0	38.0	27.6	38.0
150-154	34.86814324766057	38.0	35.4	38.0	26.2	38.0
155-159	34.747682879882596	37.8	35.2	38.0	26.0	38.0
160-164	34.51958406014639	37.6	34.8	38.0	25.6	38.0
165-169	34.51980663216118	37.4	34.8	38.0	26.0	38.0
170-174	34.110579892980184	37.2	34.2	38.0	24.0	38.0
175-179	34.167787661554556	37.4	34.6	38.0	23.6	38.0
180-184	34.47702474820813	38.0	35.0	38.0	24.2	38.0
185-189	34.10020027840221	37.2	34.4	38.0	23.2	38.0
190-194	33.58016984229935	37.0	33.2	38.0	22.4	38.0
195-199	32.97755313792308	37.0	31.6	38.0	21.6	38.0
200-204	32.8568960487042	37.0	31.2	37.6	21.4	38.0
205-209	33.28112868106508	37.0	33.0	37.8	22.0	38.0
210-214	32.80749787836303	37.0	31.6	37.2	21.2	37.8
215-219	32.41055918913022	37.0	30.8	37.0	20.0	37.4
220-224	32.078884114422145	36.6	29.8	37.0	19.8	37.6
225-229	31.38623819314738	35.6	28.2	37.0	18.4	37.2
230-234	30.66301950988614	34.8	26.6	37.0	16.4	37.0
235-239	30.22584848275933	34.2	25.8	37.0	15.6	37.0
240-244	29.521848669591314	33.4	24.6	37.0	13.8	37.0
245-249	29.065968141443307	32.8	23.8	36.8	13.4	37.0
250-251	25.360598696325027	27.5	17.0	34.0	11.0	36.5
>>END_MODULE
>>Per sequence quality scores	pass
#Quality	Count
2	216.0
3	0.0
4	0.0
5	0.0
6	0.0
7	0.0
8	0.0
9	0.0
10	0.0
11	0.0
12	2.0
13	4.0
14	23.0
15	26.0
16	60.0
17	90.0
18	175.0
19	297.0
20	491.0
21	703.0
22	947.0
23	1332.0
24	1603.0
25	2123.0
26	2676.0
27	3445.0
28	4407.0
29	5403.0
30	6896.0
31	8935.0
32	11167.0
33	14777.0
34	20189.0
35	30067.0
36	54341.0
37	147105.0
>>END_MODULE
>>Per base sequence content	fail
#Base	G	A	T	C
1	32.75204548606296	29.711236620819204	16.824044074078742	20.712673819039093
2	11.036799838630374	23.754113034379294	47.26333505629026	17.945752070700067
3	13.00191626429319	33.23048120926362	36.751301672949154	17.01630085349403
4	8.839084227379887	21.867475195723703	50.219046658514145	19.07439391838227
5	8.54597143253363	41.428814563608626	41.60562776566105	8.419586238196693
6	18.992448405844605	49.13484449263121	22.756899181805576	9.115807919718613
7	18.01635128150175	37.69462059227695	31.11691733588835	13.17211079033295
8	18.04534738593815	42.30563154776162	25.540210032652134	14.108811033648088
9	20.301370381109667	20.17088791114585	29.87512764589453	29.652614061849953
10-14	18.390527098750646	28.657921609662008	35.03599299050693	17.91555830108042
15-19	16.605249555603184	34.72396969276736	32.273483692843	16.39729705878645
20-24	16.548896256981127	33.1520026222564	33.785378399162894	16.513722721599578
25-29	16.860982589730337	33.10945399074646	33.24743762685796	16.782125792665244
30-34	16.821270533654392	33.12388900795502	33.316587032437816	16.738253425952774
35-39	16.805324354278227	33.05088755007667	33.27727731768812	16.866510777956993
40-44	16.86702566648432	33.05876066011276	33.19536188256722	16.878851790835704
45-49	16.918049095549854	33.031035731982534	33.23127035417292	16.819644818294694
50-54	16.865564305565375	32.969998783364325	33.215427959561836	16.949008951508468
55-59	16.811857949302713	32.906781949440926	33.206762880687194	17.07459722056917
60-64	16.870154496324993	33.052021462577216	33.138178048794614	16.939645992303173
65-69	16.79357098659155	32.98468086648768	33.19490794798175	17.026840198939023
70-74	16.867495795690093	32.8793330465277	33.24663981122974	17.006531346552467
75-79	16.891339292341993	33.01817197654322	33.093847488880236	16.996641242234556
80-84	16.723019457461543	32.90216098972255	33.38231461766416	16.992504935151743
85-89	16.834148975077937	32.927321028820536	33.17114276030314	17.06738723579839
90-94	16.899247074988295	32.923277259740495	33.18791552984904	16.989560135422163
95-99	16.7728328109648	33.07361279592498	33.12431730732286	17.02923708578737
100-104	16.82525256250822	32.85883987916249	33.27200061796654	17.04390694036275
105-109	16.860733506910695	32.91449488776266	33.222225914020534	17.00254569130612
110-114	16.849557394849814	32.88667726138513	33.21372327650058	17.050042067264474
115-119	16.799846469044393	32.855624499614336	33.26626120625814	17.07826782508312
120-124	16.856522330523738	32.92599440671911	33.1916079860452	17.02587527671195
125-129	16.80453629132365	33.009723570702334	33.11070998337009	17.075030154603933
130-134	16.813162927506635	32.825769789505124	33.25571976550174	17.105347517486507
135-139	16.81745016368947	32.924831100038155	33.166277082511684	17.09144165376069
140-144	16.787090360563354	32.97236399666215	33.198096702146394	17.042448940628102
145-149	16.781753699649073	32.76833242527098	33.22662190652485	17.2232919685551
150-154	16.76036499692702	32.90526341447278	33.25365057864305	17.080721009957152
155-159	16.716467433706093	32.79972379406516	33.34729309216131	17.136515680067436
160-164	16.751627163811175	32.802179969541825	33.26497041562373	17.18122245102327
165-169	16.716544634978177	32.768060292399056	33.3531446015884	17.16225047103437
170-174	16.684941052801495	32.87735951196562	33.259546808347295	17.17815262688559
175-179	16.777734022429193	32.68605944418497	33.20430593332702	17.331900600058816
180-184	16.74958313683218	32.87018712524422	33.174413022973795	17.20581671494981
185-189	16.665032487482186	32.772700927778	33.25990421531073	17.302362369429083
190-194	16.727891179494474	32.71397826163012	33.14870051676875	17.409430042106667
195-199	16.775318179798766	32.818407779884815	33.14599910678167	17.260274933534735
200-204	16.67718341655898	32.77459314711621	33.224290179939366	17.323933256385445
205-209	16.736917264079086	32.739999171800044	33.078808245358005	17.44427531876287
210-214	16.76511841533453	32.67084414350882	33.16032715472711	17.403710286429533
215-219	16.60331275511925	32.79479135040313	33.22727119387376	17.374624700603853
220-224	16.676205655944283	32.70506611289219	33.143066647448755	17.47566158371478
225-229	16.662725533177333	32.68249019673268	33.26031355948186	17.39447071060813
230-234	16.41654080140568	32.69001642767311	33.25189700510883	17.64154576581239
235-239	16.663965264119245	32.69845178464003	33.04256890914248	17.595014042098242
240-244	16.530117524318023	32.696050168687854	33.22722713992936	17.546605167064765
245-249	16.567569785023114	32.79054697794976	33.17365088986265	17.468232347164477
250-251	17.5607094953054	37.533783107445295	37.708454285199494	7.197053112049809
>>END_MODULE
>>Per sequence GC content	pass
#GC Content	Count
0	216.0
1	108.0
2	0.0
3	0.0
4	0.0
5	0.0
6	0.0
7	1.0
8	2.0
9	3.5
10	5.5
11	5.0
12	7.0
13	16.5
14	29.0
15	51.50000000000001
16	93.49999999999999
17	147.83333333333331
18	225.33333333333354
19	379.16666666666606
20	660.6666666666671
21	1044.8333333333414
22	1590.8333333333126
23	2285.9999999999804
24	3121.833333333423
25	4262.666666666835
26	5732.999999999784
27	7512.166666665945
28	9507.166666666511
29	11827.666666667825
30	14025.166666669254
31	15947.000000004044
32	17711.16666666939
33	18768.000000001193
34	18896.1666666676
35	18358.666666668472
36	17424.00000000322
37	15671.833333337443
38	13430.333333335804
39	11090.1666666674
40	8864.833333332785
41	6949.166666666135
42	5259.166666666587
43	3772.833333333468
44	2734.6666666666915
45	1944.4999999999734
46	1343.6666666666633
47	987.1666666666739
48	782.1666666666708
49	601.3333333333333
50	473.83333333333104
51	390.8333333333318
52	287.66666666666714
53	229.0000000000009
54	191.83333333333374
55	137.99999999999994
56	84.99999999999996
57	66.66666666666671
58	64.66666666666673
59	40.83333333333335
60	27.833333333333325
61	19.833333333333336
62	11.0
63	7.166666666666666
64	2.6666666666666665
65	3.0
66	3.5000000000000004
67	2.8333333333333335
68	1.833333333333333
69	0.3333333333333333
70	0.8333333333333333
71	1.0
72	1.3333333333333333
73	0.8333333333333333
74	0.0
75	0.8333333333333333
76	1.1666666666666665
77	0.3333333333333333
78	0.0
79	0.3333333333333333
80	0.3333333333333333
81	0.0
82	0.0
83	0.0
84	0.0
85	0.3333333333333333
86	0.3333333333333333
87	0.0
88	0.0
89	0.0
90	0.0
91	0.3333333333333333
92	0.3333333333333333
93	0.3333333333333333
94	0.3333333333333333
95	0.3333333333333333
96	0.3333333333333333
97	0.6666666666666666
98	0.0
99	0.0
100	1.5
>>END_MODULE
>>Per base N content	pass
#Base	N-Count
1	0.06803149606299212
2	0.06803149606299212
3	0.06803149606299212
4	0.06803149606299212
5	0.06803149606299212
6	0.06803149606299212
7	0.06803149606299212
8	0.06803149606299212
9	0.06803149606299212
10-14	0.06803149606299212
15-19	0.06803149606299212
20-24	0.06803149606299212
25-29	0.06803149606299212
30-34	0.06803149606299212
35-39	0.013623161898034418
40-44	0.0
45-49	0.0
50-54	0.0
55-59	0.0
60-64	0.0
65-69	0.0
70-74	0.0
75-79	0.0
80-84	0.0
85-89	0.0
90-94	0.0
95-99	0.0
100-104	0.0
105-109	0.0
110-114	0.0
115-119	0.0
120-124	0.0
125-129	0.0
130-134	0.0
135-139	0.0
140-144	0.0
145-149	0.0
150-154	0.0
155-159	0.0
160-164	0.0
165-169	0.0
170-174	0.0
175-179	0.0
180-184	0.0
185-189	0.0
190-194	0.0
195-199	0.0
200-204	0.0
205-209	0.0
210-214	0.0
215-219	0.0
220-224	0.0
225-229	0.0
230-234	0.0
235-239	0.0
240-244	0.0
245-249	0.0
250-251	0.0
>>END_MODULE
>>Sequence Length Distribution	warn
#Length	Count
35-39	865.0
40-44	953.0
45-49	1184.0
50-54	1322.0
55-59	1646.0
60-64	1771.0
65-69	2038.0
70-74	2287.0
75-79	2615.0
80-84	2984.0
85-89	3210.0
90-94	3600.0
95-99	3934.0
100-104	4336.0
105-109	4667.0
110-114	4994.0
115-119	5249.0
120-124	5724.0
125-129	5836.0
130-134	6218.0
135-139	6456.0
140-144	6540.0
145-149	6721.0
150-154	6667.0
155-159	6706.0
160-164	6700.0
165-169	6482.0
170-174	6574.0
175-179	6685.0
180-184	6383.0
185-189	6433.0
190-194	6177.0
195-199	6144.0
200-204	5727.0
205-209	5686.0
210-214	5620.0
215-219	5393.0
220-224	5116.0
225-229	5015.0
230-234	4720.0
235-239	4517.0
240-244	4208.0
245-249	11875.0
250-252	109522.0
>>END_MODULE
>>Sequence Duplication Levels	pass
#Total Deduplicated Percentage	87.563571698157
#Duplication Level	Percentage of total
1	77.60693164579048
2	16.294926530937545
3	4.154261622298938
4	1.2009130605272982
5	0.43296003159249696
6	0.1702823760815235
7	0.03519340088908495
8	0.005251872930106945
9	0.02039698078790654
>10	0.010827599924180536
>50	0.0
>100	0.06805487824044035
>500	0.0
>1k	0.0
>5k	0.0
>10k+	0.0
>>END_MODULE
>>Overrepresented sequences	pass
>>END_MODULE
>>Adapter Content	pass
#Position	Illumina Universal Adapter	Illumina Small RNA 3' Adapter	Illumina Small RNA 5' Adapter	Nextera Transposase Sequence	PolyA	PolyG
1	0.0	0.0	0.0	0.0	0.0	0.0
2	0.0	0.0	0.0	0.0	0.0	0.0
3	0.0	0.0	0.0	0.0	0.0	0.0
4	0.0	0.0	0.0	0.0	0.0	0.0
5	0.0	0.0	0.0	0.0	0.0	0.0
6	0.0	0.0	0.0	0.0	0.0	0.0
7	0.0	0.0	0.0	0.0	0.0	0.0
8	0.0	0.0	0.0	0.0	0.0	0.0
9	0.0	0.0	0.0	0.0	3.1496062992125983E-4	0.0
10-14	0.0	0.0	0.0	0.0	3.1496062992125983E-4	0.0
15-19	0.0	0.0	0.0	0.0	3.1496062992125983E-4	3.1496062992125983E-4
20-24	0.0	0.0	0.0	0.0	3.1496062992125983E-4	3.1496062992125983E-4
25-29	0.0	0.0	0.0	0.0	5.669291338582678E-4	3.1496062992125983E-4
30-34	0.0	0.0	0.0	6.299212598425197E-5	8.188976377952756E-4	3.1496062992125983E-4
35-39	0.0	0.0	0.0	3.1496062992125983E-4	9.448818897637795E-4	3.1496062992125983E-4
40-44	0.0	0.0	0.0	6.929133858267717E-4	9.448818897637795E-4	3.1496062992125983E-4
45-49	0.0	0.0	0.0	0.0013858267716535433	9.448818897637795E-4	3.1496062992125983E-4
50-54	0.0	0.0	0.0	0.0019527559055118107	9.448818897637795E-4	3.1496062992125983E-4
55-59	0.0	0.0	0.0	0.0028346456692913387	9.448818897637795E-4	3.1496062992125983E-4
60-64	0.0	0.0	0.0	0.004913385826771653	9.448818897637795E-4	3.1496062992125983E-4
65-69	0.0	0.0	0.0	0.006803149606299214	9.448818897637795E-4	3.1496062992125983E-4
70-74	0.0	0.0	0.0	0.007999999999999998	0.0010078740157480315	3.1496062992125983E-4
75-79	0.0	0.0	0.0	0.009070866141732283	0.0012598425196850393	3.1496062992125983E-4
80-84	0.0	0.0	0.0	0.011275590551181101	0.0012598425196850393	3.1496062992125983E-4
85-89	0.0	0.0	0.0	0.012850393700787402	0.0012598425196850393	3.1496062992125983E-4
90-94	0.0	0.0	0.0	0.015748031496062992	0.0012598425196850393	3.1496062992125983E-4
95-99	0.0	0.0	0.0	0.018078740157480313	0.0012598425196850393	3.1496062992125983E-4
100-104	0.0	0.0	0.0	0.020598425196850394	0.0013228346456692912	3.1496062992125983E-4
105-109	0.0	0.0	0.0	0.023874015748031496	0.002015748031496063	3.1496062992125983E-4
110-114	0.0	0.0	0.0	0.028157480314960633	0.002393700787401575	3.1496062992125983E-4
115-119	0.0	0.0	0.0	0.03105511811023622	0.0029606299212598425	3.1496062992125983E-4
120-124	0.0	0.0	0.0	0.03382677165354331	0.004346456692913386	3.1496062992125983E-4
125-129	0.0	0.0	0.0	0.03848818897637795	0.00447244094488189	3.1496062992125983E-4
130-134	0.0	0.0	0.0	0.04214173228346456	0.005354330708661417	3.1496062992125983E-4
135-139	0.0	0.0	0.0	0.048	0.0061732283464566926	3.1496062992125983E-4
140-144	0.0	0.0	0.0	0.056125984251968505	0.006425196850393701	3.1496062992125983E-4
145-149	0.0	0.0	0.0	0.06456692913385828	0.007244094488188977	3.1496062992125983E-4
150-154	0.0	0.0	0.0	0.072	0.008818897637795276	3.1496062992125983E-4
155-159	0.0	0.0	0.0	0.07930708661417321	0.009700787401574804	3.1496062992125983E-4
160-164	0.0	0.0	0.0	0.08856692913385826	0.011338582677165355	3.1496062992125983E-4
165-169	0.0	0.0	0.0	0.09581102362204723	0.01373228346456693	3.1496062992125983E-4
170-174	0.0	0.0	0.0	0.1041259842519685	0.015307086614173227	3.1496062992125983E-4
175-179	0.0	0.0	0.0	0.11590551181102363	0.016755905511811026	3.1496062992125983E-4
180-184	0.0	0.0	0.0	0.12359055118110236	0.0191496062992126	3.1496062992125983E-4
185-189	0.0	0.0	0.0	0.13392125984251968	0.02135433070866142	3.1496062992125983E-4
190-194	0.0	0.0	0.0	0.144251968503937	0.023307086614173227	3.1496062992125983E-4
195-199	0.0	0.0	0.0	0.15344881889763778	0.02532283464566929	3.1496062992125983E-4
200-204	0.0	0.0	0.0	0.16094488188976377	0.02803149606299212	3.1496062992125983E-4
205-209	0.0	0.0	0.0	0.16951181102362206	0.031181102362204727	3.1496062992125983E-4
210-214	0.0	0.0	0.0	0.17851968503937007	0.03470866141732283	3.1496062992125983E-4
215-219	0.0	0.0	0.0	0.18670866141732284	0.03811023622047244	3.1496062992125983E-4
220-224	0.0	0.0	0.0	0.1962204724409449	0.04100787401574803	3.1496062992125983E-4
225-229	0.0	0.0	0.0	0.208251968503937	0.0448503937007874	3.1496062992125983E-4
230-234	0.0	0.0	0.0	0.2196535433070866	0.04913385826771653	3.1496062992125983E-4
235-239	0.0	0.0	0.0	0.22985826771653545	0.051716535433070865	3.1496062992125983E-4
240	0.0	0.0	0.0	0.231496062992126	0.054803149606299215	3.1496062992125983E-4
>>END_MODULE
