##FastQC	0.12.1
>>Basic Statistics	pass
#Measure	Value
Filename	ERR13346993_2.gz
File type	Conventional base calls
Encoding	Sanger / Illumina 1.9
Total Sequences	677185
Total Bases	135.2 Mbp
Sequences flagged as poor quality	0
Sequence length	35-251
%GC	33
>>END_MODULE
>>Per base sequence quality	pass
#Base	Mean	Median	Lower Quartile	Upper Quartile	10th Percentile	90th Percentile
1	33.183483095461355	34.0	34.0	34.0	33.0	34.0
2	33.26390572738617	34.0	34.0	34.0	34.0	34.0
3	33.35379844503348	34.0	34.0	34.0	34.0	34.0
4	33.3565510163397	34.0	34.0	34.0	34.0	34.0
5	33.337709783884755	34.0	34.0	34.0	34.0	34.0
6	37.00214712375496	38.0	38.0	38.0	36.0	38.0
7	36.97374868019817	38.0	38.0	38.0	36.0	38.0
8	36.890442050547485	38.0	38.0	38.0	36.0	38.0
9	36.992299002488245	38.0	38.0	38.0	36.0	38.0
10-14	36.788364184085594	38.0	38.0	38.0	34.8	38.0
15-19	36.75771967778376	38.0	37.6	38.0	34.8	38.0
20-24	36.94229671360116	38.0	38.0	38.0	36.0	38.0
25-29	36.87766356313267	38.0	38.0	38.0	35.8	38.0
30-34	36.805404726921005	38.0	37.8	38.0	35.0	38.0
35-39	36.72240101968219	38.0	37.4	38.0	34.6	38.0
40-44	36.68123005262882	38.0	37.0	38.0	34.8	38.0
45-49	36.84869702135515	38.0	38.0	38.0	35.2	38.0
50-54	36.891975648362006	38.0	38.0	38.0	35.4	38.0
55-59	36.763535952461396	38.0	37.4	38.0	34.8	38.0
60-64	36.737038870946016	38.0	37.4	38.0	34.8	38.0
65-69	36.64175426712377	38.0	37.0	38.0	34.4	38.0
70-74	36.590935855265634	38.0	37.0	38.0	34.2	38.0
75-79	36.526005855620795	38.0	37.0	38.0	34.0	38.0
80-84	36.38900066142185	38.0	37.0	38.0	34.0	38.0
85-89	36.458643501131434	38.0	37.0	38.0	34.0	38.0
90-94	36.41992394453992	38.0	37.0	38.0	34.0	38.0
95-99	36.40580313652616	38.0	37.0	38.0	34.0	38.0
100-104	36.29400925260204	38.0	37.0	38.0	33.4	38.0
105-109	36.053919085712934	38.0	37.0	38.0	32.0	38.0
110-114	35.93255588583546	38.0	37.0	38.0	31.8	38.0
115-119	35.94831361013177	38.0	37.0	38.0	31.8	38.0
120-124	35.999672518337356	38.0	37.0	38.0	32.0	38.0
125-129	35.992311002885785	38.0	37.0	38.0	32.0	38.0
130-134	35.863332449705084	38.0	37.0	38.0	31.6	38.0
135-139	35.77840896306613	38.0	36.8	38.0	31.2	38.0
140-144	35.76561091499507	38.0	37.0	38.0	31.4	38.0
145-149	35.59861608530355	38.0	36.0	38.0	30.0	38.0
150-154	35.34205916052035	38.0	36.0	38.0	29.0	38.0
155-159	35.23201986883646	38.0	35.8	38.0	28.0	38.0
160-164	35.02712094708828	38.0	35.2	38.0	27.2	38.0
165-169	35.021640786429096	38.0	35.4	38.0	27.2	38.0
170-174	34.659857172954226	37.8	35.0	38.0	26.0	38.0
175-179	34.722956025658476	37.8	35.0	38.0	26.6	38.0
180-184	35.005201741746504	38.0	35.2	38.0	28.0	38.0
185-189	34.652465272741196	37.8	35.0	38.0	25.4	38.0
190-194	34.18414085925865	37.0	34.6	38.0	24.2	38.0
195-199	33.6274864255946	37.0	33.6	38.0	22.8	38.0
200-204	33.52175653218553	37.0	33.4	37.8	22.4	38.0
205-209	33.90521665208733	37.0	34.0	38.0	23.4	38.0
210-214	33.4678999477257	37.0	33.4	37.2	22.4	37.8
215-219	33.067052501463685	37.0	32.4	37.0	22.0	37.8
220-224	32.76987747776387	37.0	31.8	37.0	21.6	37.6
225-229	32.11507965392739	36.4	30.2	37.0	20.2	37.4
230-234	31.430365599465347	35.8	28.6	37.0	19.4	37.2
235-239	31.00434439291728	35.2	27.8	37.0	18.0	37.0
240-244	30.31835086189661	34.2	26.0	37.0	16.2	37.0
245-249	29.905652350205685	33.8	25.8	36.8	15.4	37.0
250-251	25.99472313240426	28.0	18.5	34.5	12.0	36.5
>>END_MODULE
>>Per sequence quality scores	pass
#Quality	Count
2	363.0
3	0.0
4	0.0
5	0.0
6	0.0
7	0.0
8	0.0
9	0.0
10	0.0
11	0.0
12	2.0
13	31.0
14	62.0
15	71.0
16	103.0
17	164.0
18	273.0
19	489.0
20	747.0
21	1023.0
22	1482.0
23	2050.0
24	2670.0
25	3474.0
26	4480.0
27	5945.0
28	7632.0
29	9854.0
30	12595.0
31	16363.0
32	21291.0
33	28838.0
34	40006.0
35	61351.0
36	119131.0
37	336695.0
>>END_MODULE
>>Per base sequence content	fail
#Base	G	A	T	C
1	32.824287626584244	29.66038337997287	17.19861352024609	20.31671547319679
2	11.429593009683492	23.31587921196415	47.03511410681095	18.21941367154141
3	13.40189887444557	32.68835823894614	36.260641645809386	17.64910124079891
4	9.311015303876056	21.77042117425261	49.446087745374705	19.472475776496626
5	8.793449385510518	40.836438531844415	41.32253384198504	9.047578240660027
6	19.327681428795163	48.5213246614324	22.62973130306048	9.521262606711957
7	18.378096456675465	37.16959555097205	30.783130571996775	13.669177420355721
8	18.261078983839177	42.304771417004766	25.19067051602932	14.243479083126731
9	20.0967167142912	20.53169075473315	29.8138949384033	29.557697592572346
10-14	18.54644204827857	28.658554243213135	34.58687808611422	18.20812562239407
15-19	16.63725469916758	34.71745894784744	32.12782681414021	16.51745953884478
20-24	16.602592705319864	33.12173658657668	33.69101477197845	16.58465593612501
25-29	16.86141998930295	33.127410161017224	33.25601118166963	16.7551586680102
30-34	16.828944685604192	33.155127936148645	33.249746609891524	16.76618076835564
35-39	16.862507757412303	33.113499331362064	33.193416569862244	16.830576341363397
40-44	16.887521013407696	33.05322369524293	33.207880005664805	16.851375285684572
45-49	16.913644940658674	33.02192206965061	33.23946138892453	16.824971600766187
50-54	16.896150109567177	32.99973796885019	33.193861614761744	16.91025030682089
55-59	16.883308480646477	32.856957749833846	33.20315971763996	17.05657405187972
60-64	16.90854756039057	33.00100635918005	33.16461487223326	16.925831208196115
65-69	16.82185655150415	32.973344755341074	33.181073459297615	17.02372523385715
70-74	16.879129720863837	32.93406241473169	33.19695467934254	16.989853185061936
75-79	16.89601784862975	32.984431681929394	33.14742029994187	16.97213016949899
80-84	16.831110140525173	32.978275473440426	33.18843333979136	17.00218104624305
85-89	16.897362859962133	32.95052668903457	33.11254186219955	17.039568588803753
90-94	16.92191480909181	32.937819334318355	33.134354451224326	17.005911405365506
95-99	16.81272772265635	33.02968202844599	33.14964681430362	17.007943434594033
100-104	16.88572877684144	32.891123864623616	33.12398302115316	17.099164337381783
105-109	16.92581641969467	32.91805893061821	33.179524400367015	16.976600249320104
110-114	16.812524555361282	32.95346715957366	33.17698864373006	17.057019641334996
115-119	16.879730827056648	32.78100521519247	33.21652607829383	17.122737879457045
120-124	16.93900643061894	32.88547920279144	33.13588037606885	17.03963399052077
125-129	16.832768906018977	32.90253632385098	33.15360975749199	17.111085012638053
130-134	16.88633344972006	32.83614562260171	33.16000484262351	17.117516085054714
135-139	16.980984054748042	32.82944397954973	33.1158438030171	17.073728162685132
140-144	16.80704230817383	32.87217055347587	33.2171549186263	17.103632219724
145-149	16.868231425668203	32.762185307191736	33.15825837257471	17.211324894565358
150-154	16.925626269634094	32.80102926027869	33.14131327437841	17.132031195708805
155-159	16.780413805922834	32.777134107680276	33.28740128021651	17.155050806180387
160-164	16.84991759269558	32.77052346333127	33.14504696710785	17.234511976865285
165-169	16.889470258309643	32.820235537800215	33.145987268564255	17.144306935325886
170-174	16.759770081989483	32.79228517501232	33.21830015913517	17.229644583863035
175-179	16.902535655939204	32.66734425260874	33.08840291817599	17.34171717327607
180-184	16.91963439561144	32.83517030948378	33.03366282090266	17.211532474002116
185-189	16.853851968704806	32.75242582772637	33.153557286674406	17.240164916894415
190-194	16.898224457362822	32.743873896246036	32.98436289053443	17.373538755856714
195-199	16.916213554994247	32.66829725192542	33.105314771132136	17.31017442194819
200-204	16.834411465113646	32.68643703846494	33.16401229364806	17.31513920277336
205-209	16.890226669380695	32.67277750263523	33.0331341087545	17.403861719229578
210-214	16.879613557741497	32.70252144292696	33.05823703397611	17.359627965355433
215-219	16.785209267127804	32.660772687419055	33.09596234986414	17.458055695589003
220-224	16.853624879706956	32.58544133277891	33.081755500652704	17.479178286861426
225-229	16.810847839117297	32.65923742186449	33.036489742993794	17.493424996024416
230-234	16.702389723902613	32.68555382333689	33.05515939398347	17.556897058777025
235-239	16.815576352108447	32.57043693038693	33.01340481521528	17.600581902289345
240-244	16.736510925806794	32.62859968517658	33.0547680460316	17.580121342985034
245-249	16.748907561141195	32.66029617931901	32.993159864948844	17.59763639459095
250-251	17.797688296688122	37.45972095514693	37.55659990458574	7.185990843579207
>>END_MODULE
>>Per sequence GC content	pass
#GC Content	Count
0	363.0
1	181.5
2	0.0
3	0.0
4	0.0
5	0.0
6	0.0
7	0.0
8	0.0
9	2.0
10	3.5
11	3.5
12	9.5
13	20.5
14	38.0
15	69.33333333333334
16	131.1666666666666
17	231.33333333333346
18	388.66666666666646
19	693.8333333333339
20	1176.8333333333355
21	1902.4999999999718
22	2878.166666666707
23	4167.666666666833
24	5998.666666666399
25	8414.333333332535
26	11448.000000000951
27	14978.000000003098
28	19500.50000000014
29	24487.833333326846
30	28760.49999998698
31	33061.333333314076
32	36621.16666665797
33	38622.6666666643
34	39115.16666666584
35	38140.16666666214
36	35828.333333321796
37	32165.666666646768
38	27778.99999998757
39	22881.166666661986
40	18137.83333333522
41	13873.00000000242
42	10231.833333333605
43	7339.16666666612
44	5317.166666666607
45	3805.666666666774
46	2785.0000000000264
47	2117.666666666633
48	1620.1666666666438
49	1328.4999999999916
50	1110.1666666666754
51	939.3333333333495
52	732.8333333333389
53	569.6666666666642
54	472.4999999999955
55	346.1666666666659
56	228.16666666666742
57	173.83333333333348
58	162.16666666666674
59	99.33333333333324
60	64.1666666666667
61	40.49999999999999
62	24.16666666666666
63	12.000000000000002
64	6.666666666666665
65	5.166666666666666
66	4.333333333333333
67	5.833333333333332
68	6.833333333333331
69	4.333333333333333
70	3.166666666666667
71	1.6666666666666665
72	0.6666666666666666
73	1.4999999999999998
74	2.3333333333333335
75	1.4999999999999998
76	1.0
77	0.3333333333333333
78	0.6666666666666666
79	0.3333333333333333
80	0.6666666666666666
81	0.3333333333333333
82	0.0
83	0.6666666666666666
84	0.6666666666666666
85	0.0
86	0.0
87	0.3333333333333333
88	1.0
89	0.3333333333333333
90	0.6666666666666666
91	0.0
92	0.0
93	0.3333333333333333
94	0.3333333333333333
95	0.3333333333333333
96	0.3333333333333333
97	0.3333333333333333
98	0.3333333333333333
99	0.0
100	1.5
>>END_MODULE
>>Per base N content	pass
#Base	N-Count
1	0.05360425880667764
2	0.05360425880667764
3	0.05360425880667764
4	0.05360425880667764
5	0.05360425880667764
6	0.05360425880667764
7	0.05360425880667764
8	0.05360425880667764
9	0.05360425880667764
10-14	0.05360425880667764
15-19	0.05360425880667764
20-24	0.05360425880667764
25-29	0.05360425880667764
30-34	0.05360425880667764
35-39	0.010731351984797546
40-44	0.0
45-49	0.0
50-54	0.0
55-59	0.0
60-64	0.0
65-69	0.0
70-74	0.0
75-79	0.0
80-84	0.0
85-89	0.0
90-94	0.0
95-99	0.0
100-104	0.0
105-109	0.0
110-114	0.0
115-119	0.0
120-124	0.0
125-129	0.0
130-134	0.0
135-139	0.0
140-144	0.0
145-149	0.0
150-154	0.0
155-159	0.0
160-164	0.0
165-169	0.0
170-174	0.0
175-179	0.0
180-184	0.0
185-189	0.0
190-194	0.0
195-199	0.0
200-204	0.0
205-209	0.0
210-214	0.0
215-219	0.0
220-224	0.0
225-229	0.0
230-234	0.0
235-239	0.0
240-244	0.0
245-249	0.0
250-251	0.0
>>END_MODULE
>>Sequence Length Distribution	warn
#Length	Count
35-39	1513.0
40-44	1605.0
45-49	2166.0
50-54	2448.0
55-59	2854.0
60-64	3119.0
65-69	3607.0
70-74	4114.0
75-79	4466.0
80-84	4957.0
85-89	5600.0
90-94	6155.0
95-99	6677.0
100-104	7339.0
105-109	7791.0
110-114	8659.0
115-119	9207.0
120-124	10102.0
125-129	10332.0
130-134	11410.0
135-139	11845.0
140-144	12417.0
145-149	12663.0
150-154	13079.0
155-159	13172.0
160-164	13597.0
165-169	13489.0
170-174	13748.0
175-179	13654.0
180-184	13571.0
185-189	13269.0
190-194	13327.0
195-199	13120.0
200-204	12714.0
205-209	12427.0
210-214	12243.0
215-219	12067.0
220-224	11275.0
225-229	10906.0
230-234	10599.0
235-239	10231.0
240-244	9684.0
245-249	27682.0
250-252	262285.0
>>END_MODULE
>>Sequence Duplication Levels	pass
#Total Deduplicated Percentage	77.4851668864961
#Duplication Level	Percentage of total
1	62.53212828175519
2	21.026490385659653
3	8.449629326345558
4	3.7447033599012123
5	1.8000573399183293
6	0.9293524635783754
7	0.5538869368892896
8	0.30732183580294825
9	0.18351493798010957
>10	0.41934230766579517
>50	0.0
>100	0.05357282450351676
>500	0.0
>1k	0.0
>5k	0.0
>10k+	0.0
>>END_MODULE
>>Overrepresented sequences	pass
>>END_MODULE
>>Adapter Content	pass
#Position	Illumina Universal Adapter	Illumina Small RNA 3' Adapter	Illumina Small RNA 5' Adapter	Nextera Transposase Sequence	PolyA	PolyG
1	0.0	0.0	0.0	0.0	0.0	0.0
2	0.0	0.0	0.0	0.0	0.0	0.0
3	0.0	0.0	0.0	0.0	0.0	0.0
4	0.0	0.0	0.0	0.0	0.0	0.0
5	0.0	0.0	0.0	0.0	0.0	0.0
6	0.0	0.0	0.0	0.0	0.0	0.0
7	0.0	0.0	0.0	0.0	0.0	0.0
8	0.0	0.0	0.0	0.0	0.0	0.0
9	0.0	0.0	0.0	0.0	0.0	0.0
10-14	0.0	0.0	0.0	0.0	0.0	0.0
15-19	0.0	0.0	0.0	0.0	5.9068053781462964E-5	1.772041613443889E-4
20-24	0.0	0.0	0.0	0.0	2.3627221512585186E-4	7.678846991590186E-4
25-29	0.0	0.0	0.0	0.0	2.953402689073148E-4	0.0011813610756292593
30-34	0.0	0.0	0.0	1.1813610756292593E-4	3.544083226887778E-4	0.0012699631563014538
35-39	0.0	0.0	0.0	3.839423495795093E-4	4.4301040336097226E-4	0.0013290312100829168
40-44	0.0	0.0	0.0	6.497485915960925E-4	4.4301040336097226E-4	0.0015948374520995002
45-49	0.0	0.0	0.0	0.001033690941175602	4.4301040336097226E-4	0.002067381882351204
50-54	0.0	0.0	0.0	0.0012994971831921853	4.4301040336097226E-4	0.002067381882351204
55-59	0.0	0.0	0.0	0.0015948374520995002	4.4301040336097226E-4	0.002067381882351204
60-64	0.0	0.0	0.0	0.002805732554619491	5.611465109238982E-4	0.002067381882351204
65-69	0.0	0.0	0.0	0.0037508214151228984	5.906805378146296E-4	0.0020969159092419356
70-74	0.0	0.0	0.0	0.004754978329407769	5.906805378146296E-4	0.002480858258821445
75-79	0.0	0.0	0.0	0.005936339405037029	5.906805378146296E-4	0.0025103922857121763
80-84	0.0	0.0	0.0	0.006881428265540436	5.906805378146296E-4	0.0025103922857121763
85-89	0.0	0.0	0.0	0.008505799744530666	5.906805378146296E-4	0.0025103922857121763
90-94	0.0	0.0	0.0	0.010041569142848704	5.906805378146296E-4	0.0026285283932751024
95-99	0.0	0.0	0.0	0.01216801907898137	5.906805378146296E-4	0.0026580624201658336
100-104	0.0	0.0	0.0	0.014530741230239891	5.906805378146296E-4	0.0026580624201658336
105-109	0.0	0.0	0.0	0.017070667542842796	7.383506722682871E-4	0.0026580624201658336
110-114	0.0	0.0	0.0	0.019019913317631077	8.56486779831213E-4	0.0026580624201658336
115-119	0.0	0.0	0.0	0.022239122248720808	9.155548336126759E-4	0.002746664500838028
120-124	0.0	0.0	0.0	0.025517399233592003	0.0012108951025199908	0.0029534026890731483
125-129	0.0	0.0	0.0	0.02817546165375783	0.0015062353714273057	0.0029534026890731483
130-134	0.0	0.0	0.0	0.031247000450393907	0.0018606436941160833	0.0030715387966360743
135-139	0.0	0.0	0.0	0.03440714132770217	0.0023036540974770555	0.0032192089310897317
140-144	0.0	0.0	0.0	0.038482837038623124	0.0026580624201658336	0.0032487429579804634
145-149	0.0	0.0	0.0	0.045246129196600635	0.0030420047697453426	0.0032487429579804634
150-154	0.0	0.0	0.0	0.04952856309575669	0.004223365845374602	0.0032487429579804634
155-159	0.0	0.0	0.0	0.05576024276970104	0.0049912505445336205	0.0032487429579804634
160-164	0.0	0.0	0.0	0.06385256613776147	0.005670533163020445	0.003278276984871195
165-169	0.0	0.0	0.0	0.0708225964839741	0.006261213700835075	0.003396413092434121
170-174	0.0	0.0	0.0	0.07740868448060723	0.0074721088033550655	0.003425947119324852
175-179	0.0	0.0	0.0	0.08532380368732326	0.008387663636967743	0.003632685307559973
180-184	0.0	0.0	0.0	0.09229383403353589	0.00894881014789164	0.003691753361341436
185-189	0.0	0.0	0.0	0.10050429350915924	0.01015970525041163	0.003691753361341436
190-194	0.0	0.0	0.0	0.1068541092906665	0.011311532299150159	0.003691753361341436
195-199	0.0	0.0	0.0	0.112849516749485	0.012492893374779417	0.003691753361341436
200-204	0.0	0.0	0.0	0.12132578246712493	0.014205866934441844	0.0037803554420136297
205-209	0.0	0.0	0.0	0.12888649335115218	0.015712102305869148	0.003957559603358018
210-214	0.0	0.0	0.0	0.13603372785870924	0.016273248816793047	0.0039870936302487505
215-219	0.0	0.0	0.0	0.14628203518979305	0.01710020156973353	0.0039870936302487505
220-224	0.0	0.0	0.0	0.1565894105746583	0.018547368887379373	0.0039870936302487505
225-229	0.0	0.0	0.0	0.1668081838788514	0.019551525801664242	0.0039870936302487505
230-234	0.0	0.0	0.0	0.17879899879648842	0.02123496533443594	0.0039870936302487505
235-239	0.0	0.0	0.0	0.19161676646706588	0.022150520168048613	0.0039870936302487505
240	0.0	0.0	0.0	0.19330020599983758	0.0228888708403169	0.0039870936302487505
>>END_MODULE
