##FastQC	0.12.1
>>Basic Statistics	pass
#Measure	Value
Filename	ERR13346997_2.gz
File type	Conventional base calls
Encoding	Sanger / Illumina 1.9
Total Sequences	306900
Total Bases	60.8 Mbp
Sequences flagged as poor quality	0
Sequence length	35-251
%GC	33
>>END_MODULE
>>Per base sequence quality	pass
#Base	Mean	Median	Lower Quartile	Upper Quartile	10th Percentile	90th Percentile
1	33.25114695340502	34.0	34.0	34.0	34.0	34.0
2	33.28112740306289	34.0	34.0	34.0	34.0	34.0
3	33.35591723688498	34.0	34.0	34.0	34.0	34.0
4	33.38386770935158	34.0	34.0	34.0	34.0	34.0
5	33.40003258390355	34.0	34.0	34.0	34.0	34.0
6	37.10316063864451	38.0	38.0	38.0	36.0	38.0
7	37.09650048875855	38.0	38.0	38.0	36.0	38.0
8	36.961528185076574	38.0	38.0	38.0	36.0	38.0
9	37.05132616487455	38.0	38.0	38.0	36.0	38.0
10-14	36.85205408927989	38.0	38.0	38.0	35.4	38.0
15-19	36.81115347018573	38.0	38.0	38.0	35.4	38.0
20-24	36.981158683610296	38.0	38.0	38.0	36.0	38.0
25-29	36.91602606712284	38.0	38.0	38.0	35.8	38.0
30-34	36.850507005539264	38.0	38.0	38.0	35.4	38.0
35-39	36.768932966036346	38.0	37.8	38.0	35.0	38.0
40-44	36.731357611825885	38.0	37.6	38.0	34.8	38.0
45-49	36.8946280297036	38.0	38.0	38.0	35.8	38.0
50-54	36.929544714298274	38.0	38.0	38.0	36.0	38.0
55-59	36.810567238257796	38.0	37.8	38.0	35.4	38.0
60-64	36.790868932398006	38.0	37.8	38.0	34.8	38.0
65-69	36.68974365792714	38.0	37.2	38.0	34.4	38.0
70-74	36.639907207698066	38.0	37.2	38.0	34.4	38.0
75-79	36.58725429877967	38.0	37.0	38.0	34.4	38.0
80-84	36.45209388425497	38.0	37.0	38.0	34.0	38.0
85-89	36.52586414111306	38.0	37.0	38.0	34.0	38.0
90-94	36.47973306779089	38.0	37.0	38.0	34.0	38.0
95-99	36.4659356768477	38.0	37.0	38.0	34.0	38.0
100-104	36.35689506521921	38.0	37.0	38.0	33.6	38.0
105-109	36.13126454510243	38.0	37.0	38.0	32.8	38.0
110-114	36.00721924464234	38.0	37.0	38.0	32.4	38.0
115-119	36.01447476444524	38.0	37.0	38.0	32.2	38.0
120-124	36.07304187375478	38.0	37.0	38.0	32.0	38.0
125-129	36.07298798134038	38.0	37.0	38.0	32.0	38.0
130-134	35.936655163505705	38.0	37.0	38.0	32.0	38.0
135-139	35.863392745350275	38.0	37.0	38.0	31.6	38.0
140-144	35.8478027830656	38.0	37.0	38.0	31.4	38.0
145-149	35.68557455462007	38.0	36.6	38.0	30.6	38.0
150-154	35.4217800919291	38.0	36.0	38.0	29.2	38.0
155-159	35.31935378260219	38.0	35.8	38.0	29.2	38.0
160-164	35.12446650687765	38.0	35.8	38.0	27.8	38.0
165-169	35.117778706859255	38.0	35.4	38.0	27.4	38.0
170-174	34.76140730234321	37.8	35.0	38.0	26.2	38.0
175-179	34.82410348246143	37.8	35.4	38.0	26.8	38.0
180-184	35.1108952127399	38.0	35.8	38.0	28.0	38.0
185-189	34.77094232155423	37.8	35.0	38.0	26.8	38.0
190-194	34.31978292657401	37.2	34.6	38.0	24.6	38.0
195-199	33.771724194968755	37.0	33.8	38.0	23.6	38.0
200-204	33.659587861616174	37.0	33.4	37.8	23.2	38.0
205-209	34.020449580214105	37.0	34.0	38.0	23.6	38.0
210-214	33.6039455689611	37.0	33.6	37.2	23.0	37.8
215-219	33.23971704045907	37.0	32.8	37.0	22.0	37.8
220-224	32.92240654873069	37.0	32.0	37.0	21.8	37.6
225-229	32.304705947225386	36.4	30.4	37.0	20.6	37.4
230-234	31.650185446342398	36.0	29.0	37.0	19.8	37.2
235-239	31.237629545397283	35.4	28.4	37.0	19.0	37.0
240-244	30.57393663162008	34.2	26.6	37.0	16.8	37.0
245-249	30.175692909744157	34.0	25.8	36.8	16.0	37.0
250-251	26.29354157534744	28.0	19.5	34.5	12.5	36.5
>>END_MODULE
>>Per sequence quality scores	pass
#Quality	Count
2	183.0
3	0.0
4	0.0
5	0.0
6	0.0
7	0.0
8	0.0
9	0.0
10	0.0
11	0.0
12	0.0
13	5.0
14	14.0
15	26.0
16	29.0
17	76.0
18	115.0
19	186.0
20	295.0
21	447.0
22	671.0
23	884.0
24	1115.0
25	1527.0
26	1943.0
27	2582.0
28	3193.0
29	4225.0
30	5468.0
31	7138.0
32	9175.0
33	12343.0
34	17488.0
35	26844.0
36	52069.0
37	158859.0
>>END_MODULE
>>Per base sequence content	fail
#Base	G	A	T	C
1	32.91046795580291	29.777612587499224	16.79822116152675	20.513698295171118
2	11.097200350811987	23.674592539702726	47.190732825373225	18.037474284112065
3	12.860389218726057	33.37213131323011	36.784723376924006	16.98275609111983
4	8.87626052680484	22.05583648770691	50.14687806675209	18.921024918736165
5	8.468392687721908	41.421244991311205	41.47471447621097	8.635647844755916
6	18.825497119494518	49.33277255580877	22.770175764629936	9.071554560066772
7	17.914233642087005	37.855743242141784	31.12608691399564	13.103936201775578
8	18.122242979684856	41.952353472419205	25.74653507956846	14.178868468327483
9	20.45142590726957	20.429581666487348	29.6462211093614	29.472771316881683
10-14	18.311277170812183	28.7111571905046	35.13740679518905	17.840158843494166
15-19	16.456994558501812	34.88610021616017	32.33221503861866	16.324690186719355
20-24	16.49553171164298	33.20807128395231	33.850813616460776	16.445583387943934
25-29	16.729232484668277	33.305098837038706	33.307120244394675	16.65854843389835
30-34	16.631096417870545	33.29786089457056	33.42840468575267	16.642638001806226
35-39	16.680467168182762	33.24778979911298	33.386447320255805	16.685295712448443
40-44	16.650520715114116	33.253159580654426	33.39549688211973	16.700822822111732
45-49	16.831536994775682	33.2141315174413	33.275219714099364	16.67911177368365
50-54	16.772093121286087	33.06601294361112	33.347055018909586	16.814838916193214
55-59	16.792395546915667	33.003252304625256	33.37716481319919	16.82718733525989
60-64	16.75225184507731	33.163137801220834	33.36100506199885	16.723605291703
65-69	16.698339895170967	33.103936300727284	33.277804951715034	16.91991885238672
70-74	16.73123105760103	33.09632083818519	33.249271885782214	16.923176218431575
75-79	16.708351298902166	33.1495373851924	33.34779603929434	16.794315276611098
80-84	16.720855508471395	33.05812631422435	33.343223052731304	16.877795124572952
85-89	16.72603077947292	33.10454250660754	33.265062884236194	16.90436382968334
90-94	16.783970402795294	33.05312831565907	33.32247787708938	16.840423404456246
95-99	16.624448763327766	33.24819564962579	33.30048548834147	16.826870098704966
100-104	16.72496208312742	32.982211732360845	33.39624409945298	16.896582085058764
105-109	16.779846407313308	33.01538012356164	33.328994556873084	16.875778912251963
110-114	16.657320597399774	33.06765703401702	33.350591354606394	16.92443101397681
115-119	16.726258067431242	32.95015581169858	33.38799890668853	16.93558721418164
120-124	16.718285375134446	33.092738934867036	33.275387818185656	16.913587871812872
125-129	16.736351937715785	32.989482790089866	33.334892688261434	16.93927258393292
130-134	16.63020395142197	33.1047311350408	33.27471671676055	16.990348196776687
135-139	16.864095181241854	33.01023943152096	33.24710570037376	16.878559686863433
140-144	16.69748801891466	33.117583867597354	33.250679786588705	16.934248326899272
145-149	16.694230239430453	32.98668825976023	33.25615532959473	17.06292617121459
150-154	16.675250608172256	33.102682825078155	33.27659347998139	16.9454730867682
155-159	16.65212970843267	32.892026522460036	33.367252902546	17.088590866561297
160-164	16.648944497786918	32.9913784287872	33.285219530161925	17.074457543263964
165-169	16.676238728780508	32.97772424455951	33.36839469537106	16.977642331288916
170-174	16.627763692218064	32.933955014363434	33.423979180201265	17.01430211321724
175-179	16.6849904232442	32.94858383538451	33.230799320786254	17.135626420585037
180-184	16.714981063134093	33.0627387486894	33.224137702652996	16.998142485523513
185-189	16.64358941200837	33.025916966040164	33.29001748404305	17.04047613790841
190-194	16.700948432056506	32.90756718015221	33.253673859512354	17.137810528278933
195-199	16.7374500739169	32.91031154771137	33.27972819171616	17.072510186655563
200-204	16.665048633455378	32.884791412404304	33.28721938681164	17.162940567328675
205-209	16.75922198584017	32.85799437859326	33.222681050268946	17.160102585297622
210-214	16.671029463697	32.89915271188994	33.26056517154436	17.169252652868707
215-219	16.523675529437288	32.98622410239722	33.32682503525328	17.16327533291221
220-224	16.668272638594278	32.83719800577886	33.24559886693181	17.24893048869506
225-229	16.659062907222296	32.836766863271656	33.27714747013361	17.227022759372428
230-234	16.542603614663786	32.9090372245666	33.27225541401364	17.27610374675597
235-239	16.662240717178907	32.77644188679686	33.232266047228286	17.32905134879595
240-244	16.50648176062707	32.90382876092855	33.252788664455835	17.336900813988542
245-249	16.530805864692628	33.01214633019792	33.191907023774604	17.265140781334846
250-251	17.517006011968142	37.57596328654259	37.8884182432778	7.018612458211475
>>END_MODULE
>>Per sequence GC content	pass
#GC Content	Count
0	183.0
1	91.5
2	0.0
3	0.0
4	0.0
5	0.0
6	0.0
7	1.0
8	2.0
9	2.5
10	3.5
11	4.5
12	6.5
13	14.0
14	24.5
15	45.833333333333336
16	93.5
17	152.83333333333337
18	251.00000000000034
19	442.6666666666656
20	751.0000000000028
21	1164.0000000000039
22	1716.8333333333028
23	2488.833333333346
24	3424.333333333464
25	4471.33333333347
26	5824.999999999725
27	7391.999999999204
28	9276.83333333293
29	11338.333333334376
30	13262.0000000025
31	15015.333333337343
32	16461.666666671805
33	17489.833333336752
34	17574.833333336603
35	17090.50000000425
36	15908.333333338072
37	14290.00000000338
38	12191.833333335044
39	9909.333333333354
40	7848.833333332437
41	6057.499999999681
42	4534.5000000001
43	3272.8333333334194
44	2350.499999999987
45	1713.6666666666488
46	1241.1666666666656
47	922.8333333333409
48	719.1666666666697
49	566.4999999999978
50	448.3333333333307
51	383.66666666666475
52	310.49999999999994
53	231.00000000000105
54	172.33333333333368
55	127.99999999999972
56	101.16666666666653
57	84.66666666666664
58	66.16666666666673
59	43.333333333333336
60	29.83333333333333
61	18.666666666666668
62	8.333333333333332
63	3.666666666666667
64	2.5
65	1.9999999999999998
66	2.0
67	2.1666666666666665
68	0.3333333333333333
69	0.0
70	0.6666666666666666
71	0.6666666666666666
72	0.3333333333333333
73	0.3333333333333333
74	1.0
75	0.3333333333333333
76	0.0
77	0.0
78	1.0
79	0.6666666666666666
80	0.3333333333333333
81	0.3333333333333333
82	0.0
83	0.0
84	0.3333333333333333
85	0.0
86	0.3333333333333333
87	0.0
88	0.6666666666666666
89	0.0
90	0.3333333333333333
91	0.6666666666666666
92	0.6666666666666666
93	0.3333333333333333
94	0.0
95	0.3333333333333333
96	0.3333333333333333
97	0.0
98	0.0
99	0.3333333333333333
100	0.0
>>END_MODULE
>>Per base N content	pass
#Base	N-Count
1	0.059628543499511244
2	0.059628543499511244
3	0.059628543499511244
4	0.059628543499511244
5	0.059628543499511244
6	0.059628543499511244
7	0.059628543499511244
8	0.059628543499511244
9	0.059628543499511244
10-14	0.059628543499511244
15-19	0.059628543499511244
20-24	0.059628543499511244
25-29	0.059628543499511244
30-34	0.059628543499511244
35-39	0.01193943379681824
40-44	0.0
45-49	0.0
50-54	0.0
55-59	0.0
60-64	0.0
65-69	0.0
70-74	0.0
75-79	0.0
80-84	0.0
85-89	0.0
90-94	0.0
95-99	0.0
100-104	0.0
105-109	0.0
110-114	0.0
115-119	0.0
120-124	0.0
125-129	0.0
130-134	0.0
135-139	0.0
140-144	0.0
145-149	0.0
150-154	0.0
155-159	0.0
160-164	0.0
165-169	0.0
170-174	0.0
175-179	0.0
180-184	0.0
185-189	0.0
190-194	0.0
195-199	0.0
200-204	0.0
205-209	0.0
210-214	0.0
215-219	0.0
220-224	0.0
225-229	0.0
230-234	0.0
235-239	0.0
240-244	0.0
245-249	0.0
250-251	0.0
>>END_MODULE
>>Sequence Length Distribution	warn
#Length	Count
35-39	807.0
40-44	869.0
45-49	1079.0
50-54	1215.0
55-59	1408.0
60-64	1548.0
65-69	1725.0
70-74	1934.0
75-79	2118.0
80-84	2414.0
85-89	2555.0
90-94	3026.0
95-99	3189.0
100-104	3419.0
105-109	3716.0
110-114	4150.0
115-119	4356.0
120-124	4664.0
125-129	4787.0
130-134	5383.0
135-139	5642.0
140-144	5727.0
145-149	5794.0
150-154	5993.0
155-159	5933.0
160-164	6095.0
165-169	6235.0
170-174	6206.0
175-179	6137.0
180-184	6178.0
185-189	5842.0
190-194	5767.0
195-199	5675.0
200-204	5583.0
205-209	5615.0
210-214	5324.0
215-219	5154.0
220-224	5206.0
225-229	4953.0
230-234	4637.0
235-239	4445.0
240-244	4250.0
245-249	12276.0
250-252	117871.0
>>END_MODULE
>>Sequence Duplication Levels	pass
#Total Deduplicated Percentage	87.36910996250461
#Duplication Level	Percentage of total
1	77.44317795745637
2	16.028582894009492
3	4.3327341926753995
4	1.2469607646502967
5	0.5009587966861463
6	0.1806263947684547
7	0.07943597833323941
8	0.04859143061415384
9	0.03300089662344752
>10	0.04631369364357085
>50	0.0
>100	0.059617000539443826
>500	0.0
>1k	0.0
>5k	0.0
>10k+	0.0
>>END_MODULE
>>Overrepresented sequences	pass
>>END_MODULE
>>Adapter Content	pass
#Position	Illumina Universal Adapter	Illumina Small RNA 3' Adapter	Illumina Small RNA 5' Adapter	Nextera Transposase Sequence	PolyA	PolyG
1	0.0	0.0	0.0	0.0	0.0	0.0
2	0.0	0.0	0.0	0.0	0.0	0.0
3	0.0	0.0	0.0	0.0	0.0	0.0
4	0.0	0.0	0.0	0.0	0.0	0.0
5	0.0	0.0	0.0	0.0	0.0	0.0
6	0.0	0.0	0.0	0.0	0.0	0.0
7	0.0	0.0	0.0	0.0	0.0	0.0
8	0.0	0.0	0.0	0.0	0.0	0.0
9	0.0	0.0	0.0	0.0	0.0	0.0
10-14	0.0	0.0	0.0	0.0	0.0	0.0
15-19	0.0	0.0	0.0	0.0	1.9550342130987292E-4	3.2583903551645487E-4
20-24	0.0	0.0	0.0	0.0	3.2583903551645487E-4	3.2583903551645487E-4
25-29	0.0	0.0	0.0	0.0	5.865102639296188E-4	3.2583903551645487E-4
30-34	0.0	0.0	0.0	0.0	6.516780710329097E-4	6.516780710329097E-4
35-39	0.0	0.0	0.0	0.0	6.516780710329097E-4	6.516780710329097E-4
40-44	0.0	0.0	0.0	6.516780710329097E-4	6.516780710329097E-4	6.516780710329097E-4
45-49	0.0	0.0	0.0	7.168458781362007E-4	6.516780710329097E-4	6.516780710329097E-4
50-54	0.0	0.0	0.0	0.0015640273704789834	6.516780710329097E-4	6.516780710329097E-4
55-59	0.0	0.0	0.0	0.002606712284131639	6.516780710329097E-4	6.516780710329097E-4
60-64	0.0	0.0	0.0	0.002932551319648094	9.123492994460736E-4	6.516780710329097E-4
65-69	0.0	0.0	0.0	0.0033235581622678397	9.775171065493646E-4	6.516780710329097E-4
70-74	0.0	0.0	0.0	0.004170739654610622	9.775171065493646E-4	6.516780710329097E-4
75-79	0.0	0.0	0.0	0.005148256761159987	9.775171065493646E-4	6.516780710329097E-4
80-84	0.0	0.0	0.0	0.006712284131638971	0.0012381883349625285	6.516780710329097E-4
85-89	0.0	0.0	0.0	0.007885304659498207	0.0013033561420658195	6.516780710329097E-4
90-94	0.0	0.0	0.0	0.009058325187357445	0.0013033561420658195	9.123492994460736E-4
95-99	0.0	0.0	0.0	0.010817855979146302	0.0013033561420658195	9.775171065493646E-4
100-104	0.0	0.0	0.0	0.012838057999348321	0.0015640273704789834	9.775171065493646E-4
105-109	0.0	0.0	0.0	0.015705441511893126	0.0019550342130987292	9.775171065493646E-4
110-114	0.0	0.0	0.0	0.01844248941023135	0.0019550342130987292	9.775171065493646E-4
115-119	0.0	0.0	0.0	0.021896383186705767	0.002476376669925057	9.775171065493646E-4
120-124	0.0	0.0	0.0	0.025219941348973606	0.002867383512544803	9.775171065493646E-4
125-129	0.0	0.0	0.0	0.028413163897034865	0.002932551319648094	9.775171065493646E-4
130-134	0.0	0.0	0.0	0.033040078201368527	0.0033887259693711307	9.775171065493646E-4
135-139	0.0	0.0	0.0	0.03929618768328445	0.004366243075920495	9.775171065493646E-4
140-144	0.0	0.0	0.0	0.04450961225154774	0.005083088954056696	9.775171065493646E-4
145-149	0.0	0.0	0.0	0.04894102313457152	0.0061909416748126425	9.775171065493646E-4
150-154	0.0	0.0	0.0	0.05539263603779733	0.007168458781362007	9.775171065493646E-4
155-159	0.0	0.0	0.0	0.06373411534701857	0.007754969045291627	9.775171065493646E-4
160-164	0.0	0.0	0.0	0.07012056044314108	0.0086673183447377	9.775171065493646E-4
165-169	0.0	0.0	0.0	0.0750733137829912	0.008797653958944282	9.775171065493646E-4
170-174	0.0	0.0	0.0	0.08035190615835777	0.010166177908113394	9.775171065493646E-4
175-179	0.0	0.0	0.0	0.0868035190615836	0.01133919843597263	0.0011078527207559466
180-184	0.0	0.0	0.0	0.09240795047246661	0.012577386770935159	0.0013033561420658195
185-189	0.0	0.0	0.0	0.10127077223851418	0.013620071684587814	0.0013033561420658195
190-194	0.0	0.0	0.0	0.10746171391332682	0.014858260019550342	0.0013033561420658195
195-199	0.0	0.0	0.0	0.11456500488758554	0.01583577712609971	0.0013033561420658195
200-204	0.0	0.0	0.0	0.1213424568263278	0.016617790811339198	0.0013033561420658195
205-209	0.0	0.0	0.0	0.12831541218637996	0.017139133268165525	0.0013033561420658195
210-214	0.0	0.0	0.0	0.1349625285109156	0.018898664059954384	0.0013033561420658195
215-219	0.0	0.0	0.0	0.14382535027696317	0.020788530465949823	0.0013033561420658195
220-224	0.0	0.0	0.0	0.15451287064190292	0.02254806125773868	0.0013033561420658195
225-229	0.0	0.0	0.0	0.16533072662104922	0.024437927663734114	0.0013033561420658195
230-234	0.0	0.0	0.0	0.17666992505702184	0.02476376669925057	0.0013033561420658195
235-239	0.0	0.0	0.0	0.1846203975236233	0.025806451612903226	0.0013033561420658195
240	0.0	0.0	0.0	0.1863799283154122	0.026392961876832845	0.0013033561420658195
>>END_MODULE
