##FastQC	0.12.1
>>Basic Statistics	pass
#Measure	Value
Filename	ERR13346992_1.gz
File type	Conventional base calls
Encoding	Sanger / Illumina 1.9
Total Sequences	600110
Total Bases	121.6 Mbp
Sequences flagged as poor quality	0
Sequence length	35-251
%GC	33
>>END_MODULE
>>Per base sequence quality	pass
#Base	Mean	Median	Lower Quartile	Upper Quartile	10th Percentile	90th Percentile
1	33.61763176750929	34.0	34.0	34.0	34.0	34.0
2	33.553118594924264	34.0	34.0	34.0	34.0	34.0
3	33.62687673926447	34.0	34.0	34.0	34.0	34.0
4	33.62967955874756	34.0	34.0	34.0	34.0	34.0
5	33.623562346903064	34.0	34.0	34.0	34.0	34.0
6	37.43194914265718	38.0	38.0	38.0	37.0	38.0
7	37.36509973171585	38.0	38.0	38.0	37.0	38.0
8	37.24622485877589	38.0	38.0	38.0	37.0	38.0
9	37.22679342120611	38.0	38.0	38.0	36.0	38.0
10-14	37.175314858942535	38.0	38.0	38.0	36.0	38.0
15-19	37.15273733148922	38.0	38.0	38.0	36.0	38.0
20-24	37.133210911332924	38.0	38.0	38.0	36.0	38.0
25-29	37.008492443052106	38.0	38.0	38.0	36.0	38.0
30-34	36.94494076086051	38.0	38.0	38.0	36.0	38.0
35-39	36.885821069278244	38.0	37.8	38.0	35.2	38.0
40-44	36.78334996267059	38.0	37.2	38.0	34.6	38.0
45-49	36.76152247040707	38.0	37.0	38.0	34.6	38.0
50-54	36.77318082611395	38.0	37.0	38.0	34.6	38.0
55-59	36.649147382698736	38.0	37.0	38.0	34.2	38.0
60-64	36.604936913777934	38.0	37.0	38.0	34.0	38.0
65-69	36.644059836771746	38.0	37.0	38.0	34.2	38.0
70-74	36.65119237111873	38.0	37.0	38.0	34.2	38.0
75-79	36.57531034383143	38.0	37.0	38.0	34.0	38.0
80-84	36.55194623398774	38.0	37.0	38.0	34.0	38.0
85-89	36.50685817446485	38.0	37.0	38.0	34.0	38.0
90-94	36.52425200152033	38.0	37.0	38.0	34.0	38.0
95-99	36.38846380147664	38.0	37.0	38.0	34.0	38.0
100-104	36.33808333102566	38.0	37.0	38.0	33.8	38.0
105-109	36.39662904428198	38.0	37.0	38.0	33.8	38.0
110-114	36.223518930709986	38.0	37.0	38.0	33.2	38.0
115-119	36.25122985868236	38.0	37.0	38.0	33.2	38.0
120-124	36.10059914021029	38.0	37.0	38.0	32.6	38.0
125-129	36.053613832154596	38.0	37.0	38.0	32.4	38.0
130-134	36.12239078969999	38.0	37.0	38.0	32.4	38.0
135-139	35.99457226343719	38.0	37.0	38.0	32.0	38.0
140-144	35.6681911950451	38.0	36.6	38.0	30.8	38.0
145-149	35.512541649338274	38.0	36.0	38.0	30.2	38.0
150-154	35.46655587345349	38.0	36.0	38.0	29.8	38.0
155-159	35.65427266735521	38.0	36.4	38.0	30.8	38.0
160-164	35.62118409666417	38.0	36.2	38.0	30.4	38.0
165-169	35.415527821681074	38.0	36.0	38.0	28.8	38.0
170-174	35.315549482860334	38.0	36.0	38.0	28.4	38.0
175-179	35.39729969219742	38.0	36.0	38.0	28.8	38.0
180-184	35.22995378841044	38.0	35.8	38.0	28.2	38.0
185-189	35.05865056006241	38.0	35.4	38.0	27.6	38.0
190-194	34.85618766466854	38.0	35.0	38.0	26.8	38.0
195-199	34.49650843175563	37.6	34.6	38.0	25.6	38.0
200-204	34.46365419789612	37.0	34.8	38.0	25.0	38.0
205-209	34.231683177435215	37.0	34.4	38.0	24.6	38.0
210-214	33.89535573020706	37.0	34.0	38.0	23.8	38.0
215-219	33.627138977506355	37.0	33.0	38.0	23.4	38.0
220-224	33.68506953291387	37.0	33.4	37.6	23.6	38.0
225-229	34.0398813672445	37.0	34.0	38.0	24.0	38.0
230-234	33.613772091018305	37.0	33.4	37.6	22.8	38.0
235-239	33.01827630821209	37.0	32.0	37.0	22.0	38.0
240-244	32.747432723367076	36.8	31.8	37.0	21.2	37.6
245-249	32.25487780443705	36.4	30.4	37.0	20.2	37.2
250-251	28.883014560550016	32.0	24.5	36.0	15.0	37.5
>>END_MODULE
>>Per sequence quality scores	pass
#Quality	Count
2	244.0
3	0.0
4	0.0
5	0.0
6	0.0
7	0.0
8	0.0
9	0.0
10	0.0
11	0.0
12	0.0
13	1.0
14	11.0
15	19.0
16	38.0
17	55.0
18	91.0
19	128.0
20	197.0
21	384.0
22	632.0
23	926.0
24	1360.0
25	1992.0
26	2891.0
27	4118.0
28	5594.0
29	7894.0
30	10782.0
31	14353.0
32	19410.0
33	26140.0
34	35388.0
35	52116.0
36	95461.0
37	319885.0
>>END_MODULE
>>Per base sequence content	fail
#Base	G	A	T	C
1	32.69413502348858	30.210080251256116	17.119656723334877	19.97612800192043
2	11.602757949275338	23.730133063050747	46.48321458459056	18.183894403083357
3	13.346647417923336	33.041212537466706	36.38345897250386	17.228681072106102
4	9.300577128892119	22.303147702987	49.474882723808314	18.921392444312563
5	8.702610249622415	41.03766507853421	41.44959040852457	8.810134263318808
6	19.075426845328792	48.856911376874166	22.75624889558668	9.31141288221036
7	18.416112931888122	37.60689887408188	30.664181667239017	13.312806526790983
8	18.301087242817562	42.244434590391855	25.302150813681724	14.152327353108863
9	20.463236789549665	20.635441915361096	29.587274491303056	29.31404680378618
10-14	18.60288797831516	28.84697582460083	34.576755475389504	17.97338072169451
15-19	16.68419280305935	34.85241703980556	32.041622629053826	16.421767528081272
20-24	16.72513528021258	33.18521136387126	33.537289994765494	16.552363361150658
25-29	16.977891729152844	33.26072822930454	33.032077163899935	16.729302877642674
30-34	16.943417363211115	33.21825207629704	33.08675604218275	16.75157451830909
35-39	16.960151036793537	33.201876618817224	33.0143815180065	16.82359082638274
40-44	16.982090468980214	33.207304166615145	32.96923669701102	16.841368667393613
45-49	17.023805895083367	33.10908922211388	33.05107426483962	16.816030617963133
50-54	16.991046648984103	33.07983922459151	33.03251480105773	16.89659932536666
55-59	17.05323008803343	32.96413805976058	32.966698640230696	17.015933211975295
60-64	16.998334053687707	33.157573630024636	32.96108260131125	16.883009714976403
65-69	17.00332823908983	33.01793173713703	32.974494820852435	17.0042452029207
70-74	16.971210762852163	33.00635070252236	33.07562861170824	16.946809922917236
75-79	17.044231026567438	33.078775900935675	32.95717574721991	16.91981732527698
80-84	16.95511622053573	33.02722360269678	33.060817643742276	16.95684253302522
85-89	17.031459991392634	33.007926702509835	32.94149424703974	17.01911905905779
90-94	17.01433272784356	33.099056445102256	32.929848683620385	16.9567621434338
95-99	16.898755563347226	33.06540432173819	32.98870506200976	17.047135052904817
100-104	17.008314795555215	32.96804842240089	32.96237559471036	17.06126118733354
105-109	17.04949920916375	33.076428752252966	32.92269710863342	16.951374929949868
110-114	16.904857933858807	33.026796289435694	33.01789035110932	17.050455425596176
115-119	16.988622679391742	32.961673453547505	33.01960888772476	17.030094979335992
120-124	17.036385430216036	33.01720533896162	32.9976154359429	16.948793794879453
125-129	16.895980311543298	33.06332609425742	32.9939087312252	17.04678486297409
130-134	16.989279252099283	33.01378426191416	32.96476803769906	17.032168448287496
135-139	16.99388822156451	33.09749418269134	32.891108592789976	17.017509002954178
140-144	16.893920740280734	32.976617983853714	33.05858661735115	17.070874658514402
145-149	16.992135062795967	32.9479102326539	32.91216800494132	17.14778669960881
150-154	16.95972976798738	33.000963910646156	33.00783093142079	17.031475389945673
155-159	16.909049157344594	32.95554412178576	33.05767109072984	17.077735630139802
160-164	16.889306048719153	33.02714884046293	32.909999734355765	17.173545376462148
165-169	16.927528690880774	32.97418184596799	33.02430446900948	17.073984994141746
170-174	16.90267724869209	33.06018094534194	32.938307203172926	17.098834602793044
175-179	17.025120916641757	32.91165925692759	32.86372096448379	17.199498861946864
180-184	16.95638179211235	33.06055524723366	32.855674106564976	17.127388854089016
185-189	16.89662332455035	33.038885161121385	32.91291957841677	17.151571935911495
190-194	16.925974853289745	32.942053209944895	32.92521695806401	17.20675497870135
195-199	16.964256519473953	33.03421756503125	32.87748424492251	17.124041670572286
200-204	16.877353589894682	33.08744281174039	32.91848805188183	17.116715546483103
205-209	16.87701841668849	32.991184428733526	32.88411742457304	17.247679730004947
210-214	16.884825181347463	33.02861544108577	32.88299591122023	17.203563466346544
215-219	16.818707351343413	33.107678407194406	32.930145498579364	17.143468742882817
220-224	16.911171795499335	33.001365398735075	32.794301392449086	17.2931614133165
225-229	16.863188445599274	33.09804935830734	32.862676504643126	17.17608569145025
230-234	16.751492441561272	33.12454557620592	32.83654264030054	17.28741934193226
235-239	16.849343434704064	33.01770120031132	32.81177033424493	17.32118503073968
240-244	16.855940546821895	33.056295449216336	32.842081748859584	17.245682255102185
245-249	16.824199935205613	33.20351425092623	32.85597375059689	17.11631206327126
250-251	18.771997630716523	38.29205764036747	35.78029698373747	7.155647745178531
>>END_MODULE
>>Per sequence GC content	pass
#GC Content	Count
0	244.0
1	122.0
2	0.0
3	0.0
4	0.0
5	0.0
6	0.0
7	0.0
8	0.0
9	0.0
10	1.0
11	5.0
12	8.5
13	9.5
14	18.666666666666664
15	53.333333333333336
16	104.16666666666663
17	180.33333333333334
18	313.99999999999983
19	545.4999999999989
20	939.6666666666734
21	1539.1666666666524
22	2391.9999999999955
23	3549.0000000001583
24	5025.666666666631
25	6969.499999999371
26	9541.499999999854
27	12729.00000000198
28	16513.66666667114
29	20552.166666665322
30	24607.49999999232
31	28546.333333319184
32	31667.33333331343
33	33664.166666647245
34	34402.99999998293
35	33524.833333313196
36	31782.66666664582
37	28560.833333318384
38	24452.333333325798
39	20287.66666666568
40	16098.166666670993
41	12231.833333334791
42	9020.33333333292
43	6372.4999999996535
44	4616.000000000056
45	3346.833333333422
46	2309.333333333321
47	1747.8333333333023
48	1487.8333333333146
49	1179.6666666666708
50	948.6666666666802
51	805.8333333333418
52	628.6666666666674
53	475.83333333332877
54	365.4999999999985
55	290.00000000000045
56	210.3333333333338
57	165.16666666666669
58	140.33333333333323
59	78.16666666666667
60	49.16666666666667
61	27.33333333333333
62	11.666666666666666
63	7.833333333333331
64	3.3333333333333335
65	3.1666666666666665
66	2.5
67	0.8333333333333333
68	1.8333333333333333
69	2.5
70	3.1666666666666665
71	0.8333333333333333
72	0.3333333333333333
73	2.333333333333333
74	1.6666666666666665
75	0.3333333333333333
76	0.3333333333333333
77	0.0
78	0.0
79	0.0
80	0.0
81	0.0
82	0.3333333333333333
83	0.6666666666666666
84	0.0
85	0.0
86	0.0
87	0.0
88	0.0
89	0.0
90	0.3333333333333333
91	0.3333333333333333
92	0.0
93	0.0
94	0.0
95	0.0
96	0.0
97	0.0
98	0.0
99	0.0
100	0.0
>>END_MODULE
>>Per base N content	pass
#Base	N-Count
1	0.04065921247771242
2	0.04065921247771242
3	0.04065921247771242
4	0.04065921247771242
5	0.04065921247771242
6	0.04065921247771242
7	0.04065921247771242
8	0.04065921247771242
9	0.04065921247771242
10-14	0.04065921247771242
15-19	0.04065921247771242
20-24	0.04065921247771242
25-29	0.04065921247771242
30-34	0.04065921247771242
35-39	0.008138246121241855
40-44	0.0
45-49	0.0
50-54	0.0
55-59	0.0
60-64	0.0
65-69	0.0
70-74	0.0
75-79	0.0
80-84	0.0
85-89	0.0
90-94	0.0
95-99	0.0
100-104	0.0
105-109	0.0
110-114	0.0
115-119	0.0
120-124	0.0
125-129	0.0
130-134	0.0
135-139	0.0
140-144	0.0
145-149	0.0
150-154	4.212894405908163E-5
155-159	0.0
160-164	0.0
165-169	4.54833033067726E-5
170-174	0.0
175-179	0.0
180-184	0.0
185-189	0.0
190-194	0.0
195-199	0.0
200-204	0.0
205-209	0.0
210-214	0.0
215-219	0.0
220-224	0.0
225-229	0.0
230-234	0.0
235-239	7.14045488981921E-5
240-244	0.0
245-249	0.0
250-251	0.0
>>END_MODULE
>>Sequence Length Distribution	warn
#Length	Count
35-39	1122.0
40-44	1308.0
45-49	1534.0
50-54	1723.0
55-59	2101.0
60-64	2389.0
65-69	2708.0
70-74	3001.0
75-79	3413.0
80-84	3866.0
85-89	4242.0
90-94	4894.0
95-99	4997.0
100-104	5806.0
105-109	6293.0
110-114	7124.0
115-119	7507.0
120-124	8033.0
125-129	8613.0
130-134	9212.0
135-139	9740.0
140-144	10478.0
145-149	10849.0
150-154	11175.0
155-159	11522.0
160-164	11921.0
165-169	11929.0
170-174	12090.0
175-179	12412.0
180-184	12196.0
185-189	12177.0
190-194	12055.0
195-199	11665.0
200-204	11683.0
205-209	11543.0
210-214	10949.0
215-219	11027.0
220-224	10648.0
225-229	10239.0
230-234	9887.0
235-239	9807.0
240-244	9352.0
245-249	24888.0
250-252	239992.0
>>END_MODULE
>>Sequence Duplication Levels	pass
#Total Deduplicated Percentage	78.80136405383526
#Duplication Level	Percentage of total
1	64.27830512146235
2	20.7999732768709
3	8.131878726073133
4	3.4112842158367433
5	1.5827094214272013
6	0.7486540529989297
7	0.368095074213975
8	0.2134531619485751
9	0.12735383542177955
>10	0.2976183762571517
>50	0.0
>100	0.04067473748923543
>500	0.0
>1k	0.0
>5k	0.0
>10k+	0.0
>>END_MODULE
>>Overrepresented sequences	pass
>>END_MODULE
>>Adapter Content	pass
#Position	Illumina Universal Adapter	Illumina Small RNA 3' Adapter	Illumina Small RNA 5' Adapter	Nextera Transposase Sequence	PolyA	PolyG
1	0.0	0.0	0.0	0.0	0.0	0.003499358450950659
2	0.0	0.0	0.0	0.0	0.0	0.003499358450950659
3	0.0	0.0	0.0	0.0	0.0	0.003499358450950659
4	0.0	0.0	0.0	0.0	0.0	0.003499358450950659
5	0.0	0.0	0.0	0.0	0.0	0.003499358450950659
6	0.0	0.0	0.0	0.0	0.0	0.003499358450950659
7	0.0	0.0	0.0	0.0	0.0	0.003499358450950659
8	0.0	0.0	0.0	0.0	0.0	0.003499358450950659
9	0.0	0.0	0.0	0.0	0.0	0.003499358450950659
10-14	0.0	0.0	0.0	0.0	0.0	0.003499358450950659
15-19	0.0	0.0	0.0	0.0	0.0	0.003499358450950659
20-24	0.0	0.0	0.0	0.0	0.0	0.003499358450950659
25-29	0.0	0.0	0.0	0.0	0.0	0.003566012897635433
30-34	0.0	0.0	0.0	0.0	1.9996334005432337E-4	0.0037993034610321443
35-39	0.0	0.0	0.0	0.0	3.332722334238723E-4	0.003999266801086468
40-44	0.0	0.0	0.0	7.665261368749064E-4	4.999083501358084E-4	0.003999266801086468
45-49	0.0	0.0	0.0	0.0015663794970921998	4.999083501358084E-4	0.003999266801086468
50-54	0.0	0.0	0.0	0.0022329239639399443	4.999083501358084E-4	0.003999266801086468
55-59	0.0	0.0	0.0	0.0025995234207062045	4.999083501358084E-4	0.003999266801086468
60-64	0.0	0.0	0.0	0.0029661228774724635	6.332172435053574E-4	0.003999266801086468
65-69	0.0	0.0	0.0	0.004299211811167952	7.331989135325191E-4	0.003999266801086468
70-74	0.0	0.0	0.0	0.00576560963823299	8.331805835596806E-4	0.003999266801086468
75-79	0.0	0.0	0.0	0.007165353018613254	9.99816700271617E-4	0.003999266801086468
80-84	0.0	0.0	0.0	0.009164986419156487	9.99816700271617E-4	0.003999266801086468
85-89	0.0	0.0	0.0	0.010331439236140041	0.0010331439236140041	0.003999266801086468
90-94	0.0	0.0	0.0	0.01139791038309643	0.001166452816983553	0.003999266801086468
95-99	0.0	0.0	0.0	0.01323090766692773	0.0012331072636683276	0.003999266801086468
100-104	0.0	0.0	0.0	0.015663794970921997	0.0014997250504074256	0.003999266801086468
105-109	0.0	0.0	0.0	0.018096682274916266	0.0018996517305160721	0.003999266801086468
110-114	0.0	0.0	0.0	0.020262951792171434	0.002499541750679042	0.004265884587825565
115-119	0.0	0.0	0.0	0.02336238356301345	0.0028328139841029146	0.004432520704537502
120-124	0.0	0.0	0.0	0.02596190698371965	0.003266067887553949	0.004565829597907051
125-129	0.0	0.0	0.0	0.0292279748712736	0.0040325940244288535	0.004665811267934212
130-134	0.0	0.0	0.0	0.03326056889570246	0.005199046841412408	0.004832447384646148
135-139	0.0	0.0	0.0	0.03729316292013131	0.006232190765026412	0.004832447384646148
140-144	0.0	0.0	0.0	0.040792521371081976	0.007565279698721901	0.004965756278015697
145-149	0.0	0.0	0.0	0.047024712136108385	0.009198313642498877	0.004999083501358084
150-154	0.0	0.0	0.0	0.05415673793137925	0.0106980386929063	0.005032410724700472
155-159	0.0	0.0	0.0	0.05955574811284599	0.012564363200079984	0.0051657196180700206
160-164	0.0	0.0	0.0	0.06508806718768226	0.015130559397443802	0.0051657196180700206
165-169	0.0	0.0	0.0	0.07095365849594241	0.017530119478095685	0.0051657196180700206
170-174	0.0	0.0	0.0	0.07611937811401244	0.0200963156754595	0.0051657196180700206
175-179	0.0	0.0	0.0	0.08395127559947343	0.022395894086084216	0.0051657196180700206
180-184	0.0	0.0	0.0	0.08965023079102166	0.025495325856926227	0.0051657196180700206
185-189	0.0	0.0	0.0	0.09618236656612955	0.02876139374448018	0.005332355734781957
190-194	0.0	0.0	0.0	0.10208128509773207	0.03296062388562097	0.005332355734781957
195-199	0.0	0.0	0.0	0.10947992867974206	0.03729316292013131	0.005465664628151505
200-204	0.0	0.0	0.0	0.11664528169835531	0.041259102497875386	0.005798936861575377
205-209	0.0	0.0	0.0	0.12217760077319158	0.04632484044591825	0.005832264084917765
210-214	0.0	0.0	0.0	0.13000949825865257	0.053556847911216274	0.005832264084917765
215-219	0.0	0.0	0.0	0.1377747412974288	0.060955491493226245	0.005832264084917765
220-224	0.0	0.0	0.0	0.14583992934628653	0.06882071620202962	0.005832264084917765
225-229	0.0	0.0	0.0	0.15427171685191046	0.07581943310393094	0.005832264084917765
230-234	0.0	0.0	0.0	0.16313675826098548	0.08235156887903886	0.005832264084917765
235-239	0.0	0.0	0.0	0.17136858242655514	0.08761727016713602	0.005832264084917765
240	0.0	0.0	0.0	0.17213510856343003	0.09264968089183649	0.005832264084917765
>>END_MODULE
