##FastQC	0.12.1
>>Basic Statistics	pass
#Measure	Value
Filename	ERR13347000_1.gz
File type	Conventional base calls
Encoding	Sanger / Illumina 1.9
Total Sequences	470753
Total Bases	94.8 Mbp
Sequences flagged as poor quality	0
Sequence length	35-251
%GC	34
>>END_MODULE
>>Per base sequence quality	pass
#Base	Mean	Median	Lower Quartile	Upper Quartile	10th Percentile	90th Percentile
1	33.64437613780475	34.0	34.0	34.0	34.0	34.0
2	33.58005790722523	34.0	34.0	34.0	34.0	34.0
3	33.64495181124709	34.0	34.0	34.0	34.0	34.0
4	33.64476487669754	34.0	34.0	34.0	34.0	34.0
5	33.63860665784392	34.0	34.0	34.0	34.0	34.0
6	37.46556899265644	38.0	38.0	38.0	37.0	38.0
7	37.403100989266136	38.0	38.0	38.0	37.0	38.0
8	37.302723508931436	38.0	38.0	38.0	37.0	38.0
9	37.27461535030048	38.0	38.0	38.0	37.0	38.0
10-14	37.22911378153724	38.0	38.0	38.0	36.2	38.0
15-19	37.20365287103853	38.0	38.0	38.0	36.2	38.0
20-24	37.18787559505728	38.0	38.0	38.0	36.2	38.0
25-29	37.08070474325177	38.0	38.0	38.0	36.0	38.0
30-34	37.016914602774705	38.0	38.0	38.0	36.0	38.0
35-39	36.971174110696396	38.0	38.0	38.0	35.8	38.0
40-44	36.87929364170779	38.0	37.6	38.0	35.4	38.0
45-49	36.8608869563117	38.0	37.6	38.0	35.2	38.0
50-54	36.877292452670716	38.0	37.8	38.0	35.4	38.0
55-59	36.75789442969734	38.0	37.2	38.0	34.8	38.0
60-64	36.71925792382551	38.0	37.0	38.0	34.2	38.0
65-69	36.76161169287147	38.0	37.2	38.0	34.6	38.0
70-74	36.761465520504245	38.0	37.2	38.0	34.8	38.0
75-79	36.70073512305608	38.0	37.0	38.0	34.2	38.0
80-84	36.67379019182615	38.0	37.0	38.0	34.2	38.0
85-89	36.63410550287274	38.0	37.0	38.0	34.2	38.0
90-94	36.650307876610555	38.0	37.0	38.0	34.2	38.0
95-99	36.51992583979628	38.0	37.0	38.0	34.0	38.0
100-104	36.47692622767697	38.0	37.0	38.0	34.0	38.0
105-109	36.54290744785657	38.0	37.0	38.0	34.0	38.0
110-114	36.376919257031965	38.0	37.0	38.0	33.8	38.0
115-119	36.403516865678924	38.0	37.0	38.0	33.8	38.0
120-124	36.260990931338775	38.0	37.0	38.0	33.2	38.0
125-129	36.215654624816246	38.0	37.0	38.0	32.8	38.0
130-134	36.286362977911345	38.0	37.0	38.0	33.4	38.0
135-139	36.16517050007404	38.0	37.0	38.0	32.8	38.0
140-144	35.86025350837562	38.0	37.0	38.0	31.2	38.0
145-149	35.70827749831437	38.0	36.2	38.0	30.8	38.0
150-154	35.67026814890657	38.0	36.2	38.0	30.6	38.0
155-159	35.858743426413156	38.0	36.8	38.0	31.4	38.0
160-164	35.82207992205524	38.0	37.0	38.0	31.2	38.0
165-169	35.62518507382729	38.0	36.2	38.0	30.6	38.0
170-174	35.5395809302776	38.0	36.0	38.0	30.0	38.0
175-179	35.63128403417362	38.0	36.2	38.0	30.4	38.0
180-184	35.463690308572616	38.0	36.0	38.0	29.4	38.0
185-189	35.3225948074154	38.0	35.8	38.0	28.6	38.0
190-194	35.12588895926166	38.0	35.4	38.0	27.6	38.0
195-199	34.77542345005404	37.8	35.0	38.0	26.8	38.0
200-204	34.74189119206092	37.4	35.0	38.0	26.6	38.0
205-209	34.51792108858315	37.0	34.8	38.0	25.4	38.0
210-214	34.20078227888028	37.0	34.4	38.0	24.6	38.0
215-219	33.940711400959515	37.0	34.0	38.0	24.4	38.0
220-224	34.01364713148439	37.0	33.8	37.8	24.2	38.0
225-229	34.39626795051704	37.0	34.8	38.0	24.8	38.0
230-234	33.96246655087835	37.0	33.8	37.6	24.0	38.0
235-239	33.39028586976629	37.0	32.8	37.2	22.6	38.0
240-244	33.12619225484484	37.0	32.2	37.0	22.0	37.6
245-249	32.640513742330064	36.6	31.4	37.0	21.2	37.2
250-251	29.207523939898415	32.5	25.0	36.5	15.0	37.5
>>END_MODULE
>>Per sequence quality scores	pass
#Quality	Count
2	319.0
3	0.0
4	0.0
5	0.0
6	0.0
7	0.0
8	0.0
9	0.0
10	0.0
11	0.0
12	1.0
13	1.0
14	1.0
15	12.0
16	14.0
17	30.0
18	47.0
19	88.0
20	150.0
21	273.0
22	390.0
23	670.0
24	944.0
25	1406.0
26	1996.0
27	2908.0
28	4073.0
29	5579.0
30	7532.0
31	10511.0
32	13972.0
33	18388.0
34	25022.0
35	37847.0
36	69204.0
37	269375.0
>>END_MODULE
>>Per base sequence content	fail
#Base	G	A	T	C
1	33.726516365738874	29.15010394656849	16.271783076903453	20.851596610789187
2	11.630536908471752	23.14819932232789	47.64982973169457	17.571434037505792
3	13.857841907685245	32.43366763456723	36.14215809231476	17.56633236543277
4	9.506115629397534	21.388122457135324	48.85573746795512	20.250024445512015
5	8.950883652116982	40.49856090333607	41.19748997734008	9.353065467206877
6	19.957953719331513	48.50393466458632	22.11341017018328	9.424701445898894
7	18.85131601882517	37.542992215698696	30.040770862650234	13.5649209028259
8	17.827155350166016	43.422881849526185	24.85725946679024	13.892703333517561
9	20.576106318846	20.472584889697597	29.313782592244607	29.637526199211795
10-14	18.995098143416506	28.328139547736768	34.33935472351063	18.337407585336095
15-19	17.21363676945119	34.4159223185399	31.53211715139637	16.838323760612543
20-24	17.130904654000346	32.86773490011351	33.049396939847036	16.951963506039107
25-29	17.370853297168146	32.87181623777193	32.63382323556546	17.123507229494468
30-34	17.280383645739892	32.98494581599119	32.63688423880927	17.097786299459646
35-39	17.28404096134676	32.89160916963033	32.67879532558348	17.145554543439424
40-44	17.317258327640115	32.83117787551671	32.671369457859015	17.180194338984165
45-49	17.36830316898076	32.85235676803962	32.57171929743418	17.207620765545446
50-54	17.310135592549678	32.75123932605436	32.723412015376844	17.21521306601911
55-59	17.350928070987397	32.624634793381965	32.657347280866304	17.367089854764334
60-64	17.344609746497913	32.86673611611902	32.607821143622225	17.180832993760845
65-69	17.294182605740424	32.811485743290994	32.591805657603096	17.302525993365478
70-74	17.275090048359793	32.79052351980536	32.64655161805784	17.287834813777003
75-79	17.402777108079306	32.766584105747576	32.563624918327505	17.267013867845613
80-84	17.229287998713414	32.79287530945101	32.72507117874496	17.25276551309061
85-89	17.30034498160622	32.67229440824544	32.63072603253197	17.39663457761637
90-94	17.38243493708525	32.81798500766458	32.53430952227889	17.26527053297128
95-99	17.217361833673312	32.83585020969656	32.653833048470005	17.292954908160123
100-104	17.30430362276322	32.672770415638	32.652935076628985	17.369990884969795
105-109	17.350234033717822	32.72137660203455	32.59213723142516	17.336252132822466
110-114	17.246594212836307	32.73575653552495	32.67359535285072	17.344053898788022
115-119	17.28790853976196	32.686854403651694	32.68628191843612	17.338955138150226
120-124	17.35709827767161	32.72776846631218	32.671738528244845	17.243394727771367
125-129	17.20290580450087	32.81153105739106	32.64632825747322	17.339234880634848
130-134	17.277117381146027	32.72562021480671	32.60964569535435	17.387616708692914
135-139	17.39982941938852	32.75112329254979	32.55504664661383	17.29400064144785
140-144	17.21268061131051	32.6681343252468	32.76927820331412	17.34990686012857
145-149	17.274553723647006	32.69743433718191	32.5832358510856	17.444776088085483
150-154	17.29022946354291	32.66405128265527	32.7031856790594	17.342533574742415
155-159	17.216053476567886	32.71253718210531	32.74082731962712	17.330582021699684
160-164	17.267188830640485	32.71884163135089	32.57965016245537	17.434319375553255
165-169	17.298892404336705	32.65972199899894	32.64439612617039	17.396989470493963
170-174	17.165050557183644	32.7796258261719	32.647296919906246	17.408026696738204
175-179	17.265463742695726	32.66119068153848	32.623518552615	17.449827023150796
180-184	17.245875917051865	32.73971816791684	32.52899268354133	17.485413231489957
185-189	17.185963074876337	32.68321836181835	32.655427056508344	17.47539150679697
190-194	17.211462210189264	32.64951106331017	32.58377000067137	17.555256725829192
195-199	17.22887059040352	32.70916915493364	32.553408914299546	17.50855134036329
200-204	17.140723576297297	32.8279956506187	32.57183533345019	17.459445439633807
205-209	17.22605094066099	32.67734103336177	32.560049787728744	17.53655823824849
210-214	17.16191257793993	32.74797388901678	32.562357718006616	17.52775581503668
215-219	17.079267852704664	32.864850996961415	32.59506610331198	17.460815047021942
220-224	17.18814330328601	32.732191691408566	32.5046610722642	17.575003933041227
225-229	17.15075878367209	32.800830546913744	32.45482764139895	17.593583028015214
230-234	17.075957379856423	32.80649693740898	32.475082144765054	17.64246353796954
235-239	17.037911309397785	32.71516174553161	32.446344283701094	17.800582661369514
240-244	17.061454714247535	32.73167340164091	32.5568520911241	17.650019792987457
245-249	17.05561224597586	32.90509178566373	32.53368150406376	17.505614464296652
250-251	19.096797282659058	37.96768204810307	35.51268081788639	7.4228398513514815
>>END_MODULE
>>Per sequence GC content	pass
#GC Content	Count
0	319.0
1	159.5
2	0.0
3	0.0
4	0.0
5	0.0
6	0.5
7	1.0
8	0.5
9	2.0
10	4.5
11	6.0
12	10.0
13	18.0
14	29.5
15	52.333333333333336
16	92.33333333333334
17	148.33333333333331
18	259.0000000000002
19	418.3333333333331
20	658.0000000000003
21	1012.8333333333386
22	1473.9999999999905
23	2183.999999999979
24	3085.8333333334094
25	4257.833333333504
26	5807.999999999761
27	7928.833333332444
28	10491.833333333787
29	13484.000000002812
30	16853.00000000447
31	20416.833333332186
32	23711.166666659534
33	26473.333333321134
34	27791.499999985135
35	27823.333333318533
36	26729.499999987376
37	24614.499999991487
38	21531.16666666357
39	18065.500000002346
40	14448.000000003123
41	11163.500000000811
42	8503.666666665955
43	6122.499999999746
44	4462.833333333409
45	3230.6666666667334
46	2282.166666666653
47	1733.1666666666417
48	1453.166666666656
49	1213.5
50	1005.6666666666813
51	868.666666666677
52	698.3333333333368
53	516.1666666666621
54	382.9999999999981
55	301.16666666666663
56	229.1666666666671
57	182.1666666666668
58	151.49999999999997
59	89.49999999999996
60	60.00000000000001
61	37.5
62	19.000000000000004
63	12.16666666666667
64	5.999999999999999
65	1.6666666666666665
66	2.6666666666666665
67	2.0
68	1.6666666666666665
69	0.8333333333333333
70	0.0
71	0.5
72	0.8333333333333333
73	0.3333333333333333
74	0.3333333333333333
75	0.0
76	0.0
77	0.5
78	1.0
79	0.5
80	0.0
81	0.5
82	0.5
83	0.0
84	0.0
85	0.0
86	0.0
87	0.3333333333333333
88	0.0
89	0.0
90	0.0
91	0.0
92	0.0
93	0.0
94	0.0
95	0.0
96	0.0
97	0.0
98	0.0
99	0.0
100	0.0
>>END_MODULE
>>Per base N content	pass
#Base	N-Count
1	0.06776377420855523
2	0.06776377420855523
3	0.06776377420855523
4	0.06776377420855523
5	0.06776377420855523
6	0.06776377420855523
7	0.06776377420855523
8	0.06776377420855523
9	0.06776377420855523
10-14	0.06776377420855523
15-19	0.06776377420855523
20-24	0.06776377420855523
25-29	0.06776377420855523
30-34	0.06776377420855523
35-39	0.013570252644923066
40-44	0.0
45-49	0.0
50-54	0.0
55-59	0.0
60-64	0.0
65-69	0.0
70-74	0.0
75-79	0.0
80-84	0.0
85-89	0.0
90-94	0.0
95-99	0.0
100-104	0.0
105-109	0.0
110-114	0.0
115-119	0.0
120-124	0.0
125-129	0.0
130-134	0.0
135-139	0.0
140-144	0.0
145-149	0.0
150-154	0.0
155-159	0.0
160-164	0.0
165-169	0.0
170-174	0.0
175-179	0.0
180-184	0.0
185-189	0.0
190-194	0.0
195-199	0.0
200-204	0.0
205-209	0.0
210-214	0.0
215-219	0.0
220-224	0.0
225-229	0.0
230-234	0.0
235-239	0.0
240-244	0.0
245-249	0.0
250-251	0.0
>>END_MODULE
>>Sequence Length Distribution	warn
#Length	Count
35-39	1429.0
40-44	1591.0
45-49	1876.0
50-54	2102.0
55-59	2381.0
60-64	2503.0
65-69	2615.0
70-74	2928.0
75-79	3114.0
80-84	3292.0
85-89	3590.0
90-94	3861.0
95-99	4137.0
100-104	4436.0
105-109	4503.0
110-114	5092.0
115-119	5287.0
120-124	5705.0
125-129	5971.0
130-134	6361.0
135-139	6600.0
140-144	7132.0
145-149	7599.0
150-154	7886.0
155-159	8183.0
160-164	8608.0
165-169	8907.0
170-174	9090.0
175-179	9397.0
180-184	9684.0
185-189	10028.0
190-194	9938.0
195-199	10203.0
200-204	10253.0
205-209	10475.0
210-214	10407.0
215-219	10426.0
220-224	10396.0
225-229	10125.0
230-234	9895.0
235-239	9913.0
240-244	9262.0
245-249	20924.0
250-252	172648.0
>>END_MODULE
>>Sequence Duplication Levels	pass
#Total Deduplicated Percentage	80.82672213492106
#Duplication Level	Percentage of total
1	67.27120396633201
2	20.0522244183998
3	7.206405084166698
4	2.783489843064888
5	1.2015837665614975
6	0.5558821627131495
7	0.28031193223204554
8	0.185448888349629
9	0.07861794731479481
>10	0.317076860336891
>50	0.0
>100	0.06775513052859007
>500	0.0
>1k	0.0
>5k	0.0
>10k+	0.0
>>END_MODULE
>>Overrepresented sequences	pass
>>END_MODULE
>>Adapter Content	pass
#Position	Illumina Universal Adapter	Illumina Small RNA 3' Adapter	Illumina Small RNA 5' Adapter	Nextera Transposase Sequence	PolyA	PolyG
1	0.0	0.0	0.0	0.0	0.0	0.002973958742695214
2	0.0	0.0	0.0	0.0	0.0	0.002973958742695214
3	0.0	0.0	0.0	0.0	0.0	0.002973958742695214
4	0.0	0.0	0.0	0.0	0.0	0.002973958742695214
5	0.0	0.0	0.0	0.0	0.0	0.002973958742695214
6	0.0	0.0	0.0	0.0	0.0	0.002973958742695214
7	0.0	0.0	0.0	0.0	0.0	0.002973958742695214
8	0.0	0.0	0.0	0.0	0.0	0.002973958742695214
9	0.0	0.0	0.0	0.0	0.0	0.002973958742695214
10-14	0.0	0.0	0.0	0.0	4.248512489564591E-5	0.002973958742695214
15-19	0.0	0.0	0.0	0.0	2.1242562447822957E-4	0.002973958742695214
20-24	0.0	0.0	0.0	0.0	2.1242562447822957E-4	0.002973958742695214
25-29	0.0	0.0	0.0	0.0	3.398809991651673E-4	0.002973958742695214
30-34	0.0	0.0	0.0	0.0	4.2485124895645914E-4	0.002973958742695214
35-39	0.0	0.0	0.0	1.6994049958258365E-4	4.2485124895645914E-4	0.002973958742695214
40-44	0.0	0.0	0.0	0.0013170388717650232	5.947917485390428E-4	0.002973958742695214
45-49	0.0	0.0	0.0	0.002591592618634401	6.372768734346887E-4	0.002973958742695214
50-54	0.0	0.0	0.0	0.0035687504912342563	6.372768734346887E-4	0.002973958742695214
55-59	0.0	0.0	0.0	0.005140700112373156	6.372768734346887E-4	0.002973958742695214
60-64	0.0	0.0	0.0	0.006075372860077365	8.072173730172723E-4	0.002973958742695214
65-69	0.0	0.0	0.0	0.008072173730172723	8.497024979129183E-4	0.002973958742695214
70-74	0.0	0.0	0.0	0.009686608476207267	8.497024979129183E-4	0.002973958742695214
75-79	0.0	0.0	0.0	0.011386013472033104	0.0010621281223911479	0.003398809991651673
80-84	0.0	0.0	0.0	0.013850150715980569	0.0010621281223911479	0.003398809991651673
85-89	0.0	0.0	0.0	0.015549555711806403	0.0010621281223911479	0.003398809991651673
90-94	0.0	0.0	0.0	0.017673811956588698	0.0010621281223911479	0.003398809991651673
95-99	0.0	0.0	0.0	0.02018043432543181	0.0010621281223911479	0.003398809991651673
100-104	0.0	0.0	0.0	0.023451788942396544	0.0011470983721824399	0.003398809991651673
105-109	0.0	0.0	0.0	0.026255807185509173	0.0019118306203040661	0.003398809991651673
110-114	0.0	0.0	0.0	0.028592489054769698	0.0024216521190518173	0.003398809991651673
115-119	0.0	0.0	0.0	0.032458635420273475	0.0029314736177995676	0.003398809991651673
120-124	0.0	0.0	0.0	0.035347623913177396	0.0035687504912342563	0.003398809991651673
125-129	0.0	0.0	0.0	0.03993601740190716	0.0048857893629992806	0.003398809991651673
130-134	0.0	0.0	0.0	0.04473683651511514	0.006500224109033824	0.003398809991651673
135-139	0.0	0.0	0.0	0.0488578936299928	0.0073924117318423885	0.003398809991651673
140-144	0.0	0.0	0.0	0.052044277997166245	0.008964361352981287	0.0036112356161299027
145-149	0.0	0.0	0.0	0.05625030536183519	0.010961162223076646	0.0036112356161299027
150-154	0.0	0.0	0.0	0.06215573772232996	0.013255358967441525	0.0036112356161299027
155-159	0.0	0.0	0.0	0.06823111058240734	0.01486979371347607	0.0036112356161299027
160-164	0.0	0.0	0.0	0.0742215131926934	0.017206475582736594	0.0036112356161299027
165-169	0.0	0.0	0.0	0.08148646954984885	0.01933073182751889	0.0036112356161299027
170-174	0.0	0.0	0.0	0.08998349452897805	0.020562800449492623	0.0036112356161299027
175-179	0.0	0.0	0.0	0.0987354302574811	0.022304690570214107	0.0036112356161299027
180-184	0.0	0.0	0.0	0.10672263373786253	0.025193679063118025	0.0036112356161299027
185-189	0.0	0.0	0.0	0.11509220334230479	0.027912727056439362	0.0038236612406081323
190-194	0.0	0.0	0.0	0.12159242745133861	0.03088668579913458	0.0038236612406081323
195-199	0.0	0.0	0.0	0.1297495714313026	0.034752832164638356	0.0038236612406081323
200-204	0.0	0.0	0.0	0.1387989030340752	0.03832158265587261	0.0038236612406081323
205-209	0.0	0.0	0.0	0.1472109577634131	0.043547253018037066	0.0038236612406081323
210-214	0.0	0.0	0.0	0.1546033694952555	0.04953765562832313	0.0038236612406081323
215-219	0.0	0.0	0.0	0.16577695734281037	0.05365871274320079	0.0038236612406081323
220-224	0.0	0.0	0.0	0.1752511401945394	0.05871444260578266	0.0038236612406081323
225-229	0.0	0.0	0.0	0.18523514454501616	0.0639401129679471	0.0038236612406081323
230-234	0.0	0.0	0.0	0.1956440001444494	0.06861347670646815	0.0038236612406081323
235-239	0.0	0.0	0.0	0.2047783019970133	0.07481630494123244	0.0038236612406081323
240	0.0	0.0	0.0	0.2062652813683609	0.08135901417516192	0.0038236612406081323
>>END_MODULE
