##FastQC	0.12.1
>>Basic Statistics	pass
#Measure	Value
Filename	ERR13346998_1.gz
File type	Conventional base calls
Encoding	Sanger / Illumina 1.9
Total Sequences	1166170
Total Bases	203 Mbp
Sequences flagged as poor quality	0
Sequence length	35-251
%GC	34
>>END_MODULE
>>Per base sequence quality	pass
#Base	Mean	Median	Lower Quartile	Upper Quartile	10th Percentile	90th Percentile
1	33.67229992196678	34.0	34.0	34.0	34.0	34.0
2	33.624785408645394	34.0	34.0	34.0	34.0	34.0
3	33.67727346784774	34.0	34.0	34.0	34.0	34.0
4	33.67305367142012	34.0	34.0	34.0	34.0	34.0
5	33.6731908726858	34.0	34.0	34.0	34.0	34.0
6	37.49647221245616	38.0	38.0	38.0	37.0	38.0
7	37.45655950676145	38.0	38.0	38.0	37.0	38.0
8	37.34072991073343	38.0	38.0	38.0	37.0	38.0
9	37.329638045910976	38.0	38.0	38.0	37.0	38.0
10-14	37.288363960657534	38.0	38.0	38.0	37.0	38.0
15-19	37.26128866288792	38.0	38.0	38.0	37.0	38.0
20-24	37.23994237546842	38.0	38.0	38.0	36.8	38.0
25-29	37.12747712597648	38.0	38.0	38.0	36.2	38.0
30-34	37.06565749419038	38.0	38.0	38.0	36.0	38.0
35-39	37.036643663334495	38.0	38.0	38.0	36.0	38.0
40-44	36.95321759391739	38.0	38.0	38.0	35.8	38.0
45-49	36.933366198389066	38.0	38.0	38.0	36.0	38.0
50-54	36.944167584992655	38.0	38.0	38.0	36.0	38.0
55-59	36.815749307186636	38.0	38.0	38.0	35.2	38.0
60-64	36.79851376518219	38.0	38.0	38.0	35.0	38.0
65-69	36.83193478886602	38.0	38.0	38.0	35.6	38.0
70-74	36.81804734217015	38.0	38.0	38.0	35.4	38.0
75-79	36.784287157667805	38.0	38.0	38.0	35.0	38.0
80-84	36.75211126735275	38.0	37.4	38.0	35.0	38.0
85-89	36.70817702757755	38.0	37.8	38.0	34.8	38.0
90-94	36.74483119614363	38.0	38.0	38.0	35.0	38.0
95-99	36.605261108115094	38.0	37.2	38.0	34.2	38.0
100-104	36.57191807897738	38.0	37.0	38.0	34.0	38.0
105-109	36.64127393910136	38.0	37.0	38.0	34.8	38.0
110-114	36.46840115010413	38.0	37.0	38.0	34.0	38.0
115-119	36.49587747293349	38.0	37.0	38.0	34.0	38.0
120-124	36.37132100861859	38.0	37.0	38.0	33.6	38.0
125-129	36.3062076588716	38.0	37.0	38.0	33.6	38.0
130-134	36.381980757271066	38.0	37.0	38.0	34.0	38.0
135-139	36.265007628704325	38.0	37.0	38.0	33.4	38.0
140-144	35.969760999571726	38.0	37.0	38.0	31.8	38.0
145-149	35.850224443280325	38.0	37.0	38.0	31.4	38.0
150-154	35.790830714459986	38.0	37.0	38.0	31.2	38.0
155-159	35.929991065796585	38.0	37.0	38.0	31.8	38.0
160-164	35.925146290963454	38.0	37.0	38.0	31.4	38.0
165-169	35.71372059993931	38.0	37.0	38.0	30.8	38.0
170-174	35.61234734244486	38.0	36.4	38.0	30.2	38.0
175-179	35.702148406162614	38.0	36.8	38.0	30.6	38.0
180-184	35.49709498808538	38.0	36.4	38.0	29.4	38.0
185-189	35.347568527357474	38.0	36.2	38.0	28.6	38.0
190-194	35.16896537054948	38.0	35.8	38.0	27.6	38.0
195-199	34.79338529387557	37.8	35.2	38.0	26.6	38.0
200-204	34.74931880985033	37.8	35.0	38.0	26.4	38.0
205-209	34.50061925941836	37.4	34.8	38.0	25.2	38.0
210-214	34.14739319320065	37.0	34.6	38.0	23.8	38.0
215-219	33.88830340521702	37.0	34.0	38.0	23.4	38.0
220-224	33.908414516171774	37.0	33.8	37.8	23.6	38.0
225-229	34.19023916787136	37.0	35.0	38.0	24.0	38.0
230-234	33.77186477767977	37.0	34.0	37.6	22.8	38.0
235-239	33.1632212563333	37.0	32.8	37.2	21.2	38.0
240-244	32.85482035671548	37.0	32.0	37.0	20.4	37.6
245-249	32.36759342398277	36.6	31.4	37.0	19.6	37.2
250-251	28.920220570114836	32.0	24.5	36.0	14.5	37.5
>>END_MODULE
>>Per sequence quality scores	pass
#Quality	Count
2	1505.0
3	0.0
4	0.0
5	0.0
6	0.0
7	0.0
8	0.0
9	0.0
10	0.0
11	0.0
12	1.0
13	6.0
14	20.0
15	82.0
16	257.0
17	490.0
18	665.0
19	810.0
20	892.0
21	1186.0
22	1441.0
23	1890.0
24	2412.0
25	3119.0
26	4050.0
27	5377.0
28	7201.0
29	10110.0
30	14305.0
31	19678.0
32	27061.0
33	36908.0
34	51539.0
35	77290.0
36	144361.0
37	753514.0
>>END_MODULE
>>Per base sequence content	fail
#Base	G	A	T	C
1	33.30167902358189	29.292886795773892	16.75400222381543	20.651431956828787
2	11.371853709006452	23.226764777854576	47.64588959056896	17.75549192257001
3	13.60125014489145	32.47311458659786	36.44112255455431	17.484512713956374
4	9.41146166494228	21.53297300081998	49.1592861466602	19.89627918757754
5	8.85490677576814	40.6828573023144	41.23228567871448	9.22995024320298
6	19.6719228275942	48.55327497606608	22.31079323238871	9.464008963951008
7	18.56842954841092	37.51877149223167	30.38650599099312	13.526292968364292
8	17.95383221784805	42.90650101102034	25.143195682878765	13.996471088252846
9	20.594248131436938	20.467773995097303	29.32594351165357	29.612034361812196
10-14	18.68278002687468	28.518243443393594	34.57986631348929	18.21911021624244
15-19	16.878690438881566	34.63941991903251	31.84125907449782	16.640630567588104
20-24	16.924729428633984	33.07134669626029	33.288421992590145	16.715501882515575
25-29	17.11517045674078	33.04933178210043	32.90968647636874	16.925811284790047
30-34	17.106361056612844	33.08736847076198	32.90923999605037	16.89703047657481
35-39	17.08577275746503	33.050073842569944	32.88727457554493	16.976878824420098
40-44	17.135306135603184	32.9693866988864	32.84769866711687	17.047608498393537
45-49	17.237408895899165	32.891071580737666	32.85246483220846	17.019054691154707
50-54	17.09658341693353	32.915095786112	32.886427854855455	17.101892942099013
55-59	17.128597206537048	32.70868348824098	32.899450532942396	17.263268772279574
60-64	17.21714047709039	32.866500419899786	32.82700878238341	17.089350320626412
65-69	17.108240161271887	32.81789884306674	32.846094741825446	17.22776625383592
70-74	17.09837830423294	32.71046056334894	32.92637414392463	17.264786988493487
75-79	17.243983166056896	32.86044374415925	32.67679132244155	17.21878176734231
80-84	17.096671583311448	32.76401098494284	32.89490282831725	17.244414603428453
85-89	17.16152739269428	32.68874147973998	32.83162726612687	17.318103861438868
90-94	17.28348320291073	32.77261979797495	32.70480404832899	17.239092950785334
95-99	17.101175978097643	32.76809506555207	32.851245829873655	17.279483126476634
100-104	17.15556118438221	32.66146385614333	32.80027314150239	17.382701817972084
105-109	17.279851707637466	32.738950942102484	32.6874628304723	17.29373451978775
110-114	17.10595560402493	32.71353119828554	32.879123155187244	17.301390042502288
115-119	17.16168272987192	32.65808491761256	32.76088885262954	17.41934349988598
120-124	17.23594462020724	32.71359644912021	32.730944497408956	17.3195144332636
125-129	17.15747822092564	32.65646568248775	32.78890732193657	17.397148774650045
130-134	17.15293011669657	32.6631689571621	32.71300370561199	17.470897220529345
135-139	17.280267864312165	32.64234232503425	32.67303223721578	17.404357573437807
140-144	17.124348848847056	32.613810563893956	32.811091919975176	17.450748667283804
145-149	17.25566147725036	32.518692285153946	32.68771777339003	17.53792846420567
150-154	17.2174527451052	32.56601188717475	32.74619520772678	17.470340159993274
155-159	17.11549164624934	32.53548109268393	32.81774708816617	17.53128017290056
160-164	17.23570771839652	32.55665206333223	32.60395141237003	17.60368880590122
165-169	17.207506972750593	32.506901672607206	32.68696590815397	17.598625446488224
170-174	17.13986667447858	32.582231141926236	32.7052025685305	17.57269961506468
175-179	17.196883650977245	32.596760692043446	32.537087401572066	17.669268255407243
180-184	17.209303343587454	32.45857769402303	32.70280158915157	17.62931737323795
185-189	17.155456427692414	32.51407120102499	32.67249085472599	17.657981516556596
190-194	17.229037102049492	32.43883245936247	32.58036451461846	17.751765923969575
195-199	17.158008604710602	32.40275547728803	32.705414752315264	17.733821165686106
200-204	17.09565299812042	32.61293137828234	32.56182857715137	17.729587046445875
205-209	17.11650973042396	32.46931239216817	32.54818098126847	17.865996896139396
210-214	17.066883491111838	32.427862933990156	32.72599654609778	17.779257028800224
215-219	16.998334727600046	32.63306091506797	32.53883673686133	17.829767620470662
220-224	17.069538333183427	32.508148570779035	32.55615437120402	17.86615872483351
225-229	17.065986043025468	32.55692425152349	32.51310503112154	17.8639846743295
230-234	16.890847409346467	32.591316562035345	32.598192393120726	17.919643635497458
235-239	16.94787937813742	32.430270989934364	32.6189045396383	18.002945092289917
240-244	16.933598408455797	32.571025940502984	32.57451137310326	17.920864277937966
245-249	16.893944920202834	32.666894414379016	32.624715345453076	17.81444531996507
250-251	18.68454411839015	37.68435298227267	36.02608239065147	7.605020508685708
>>END_MODULE
>>Per sequence GC content	pass
#GC Content	Count
0	1505.0
1	752.5
2	0.0
3	0.0
4	0.0
5	0.0
6	0.5
7	2.5
8	5.5
9	7.0
10	7.0
11	12.666666666666666
12	29.0
13	65.33333333333334
14	115.5
15	178.00000000000003
16	303.83333333333337
17	522.8333333333331
18	874.3333333333345
19	1408.666666666665
20	2232.9999999999973
21	3528.1666666666897
22	5333.83333333331
23	7769.999999999798
24	11043.333333333514
25	15601.166666667741
26	21237.833333332677
27	28031.999999995893
28	36217.16666666317
29	45161.500000008244
30	53877.83333335571
31	62663.50000004127
32	69757.0000000345
33	74848.00000001624
34	77184.66666667325
35	76429.33333334277
36	72744.33333335748
37	66438.16666671578
38	58048.16666670205
39	49218.6666666839
40	40295.83333333452
41	31819.166666658304
42	24458.49999999722
43	18224.166666667414
44	13296.333333334123
45	9633.3333333333
46	7012.1666666665
47	5237.166666666631
48	4160.5000000000955
49	3257.8333333334
50	2613.833333333353
51	2248.999999999979
52	1728.1666666666388
53	1297.8333333333285
54	1025.3333333333455
55	798.5000000000035
56	619.3333333333331
57	533.4999999999982
58	430.33333333333206
59	271.16666666666697
60	180.66666666666669
61	108.16666666666663
62	51.16666666666667
63	28.5
64	13.333333333333334
65	5.499999999999999
66	2.8333333333333335
67	2.333333333333333
68	3.0
69	1.833333333333333
70	1.4999999999999998
71	1.1666666666666665
72	0.6666666666666666
73	0.3333333333333333
74	1.0
75	1.0
76	0.6666666666666666
77	0.6666666666666666
78	0.6666666666666666
79	0.3333333333333333
80	0.0
81	0.3333333333333333
82	0.3333333333333333
83	0.0
84	0.3333333333333333
85	0.3333333333333333
86	0.0
87	0.5
88	1.3333333333333333
89	0.5
90	0.0
91	0.0
92	0.0
93	0.0
94	0.0
95	0.0
96	0.0
97	0.0
98	0.0
99	0.3333333333333333
100	0.5
>>END_MODULE
>>Per base N content	pass
#Base	N-Count
1	0.1290549405318264
2	0.1290549405318264
3	0.1290549405318264
4	0.1290549405318264
5	0.1290549405318264
6	0.1290549405318264
7	0.1290549405318264
8	0.1290549405318264
9	0.1290549405318264
10-14	0.1290549405318264
15-19	0.1290549405318264
20-24	0.1290549405318264
25-29	0.1290549405318264
30-34	0.1290549405318264
35-39	0.025871304271292167
40-44	0.0
45-49	0.0
50-54	0.0
55-59	0.0
60-64	0.0
65-69	0.0
70-74	0.0
75-79	0.0
80-84	0.0
85-89	0.0
90-94	0.0
95-99	0.0
100-104	0.0
105-109	0.0
110-114	0.0
115-119	0.0
120-124	0.0
125-129	0.0
130-134	0.0
135-139	0.0
140-144	0.0
145-149	0.0
150-154	0.0
155-159	2.8882217738418372E-5
160-164	0.0
165-169	0.0
170-174	3.310131518145479E-5
175-179	3.473415002582484E-5
180-184	3.647853712311287E-5
185-189	3.834896948649196E-5
190-194	4.033399776872324E-5
195-199	0.0
200-204	8.941864468160257E-5
205-209	4.7113830312001914E-5
210-214	4.963927141462988E-5
215-219	5.2317672909908974E-5
220-224	0.0
225-229	0.0
230-234	6.139131128771344E-5
235-239	1.295113665650866E-4
240-244	2.7336651547220305E-4
245-249	1.4444865753028907E-4
250-251	0.0
>>END_MODULE
>>Sequence Length Distribution	warn
#Length	Count
35-39	6117.0
40-44	6805.0
45-49	8280.0
50-54	9191.0
55-59	10558.0
60-64	11106.0
65-69	12322.0
70-74	13481.0
75-79	14890.0
80-84	16215.0
85-89	17486.0
90-94	19029.0
95-99	20196.0
100-104	21944.0
105-109	22733.0
110-114	24131.0
115-119	25120.0
120-124	27054.0
125-129	27450.0
130-134	28450.0
135-139	29257.0
140-144	29368.0
145-149	30000.0
150-154	30353.0
155-159	30213.0
160-164	29459.0
165-169	29303.0
170-174	28594.0
175-179	27898.0
180-184	27099.0
185-189	26167.0
190-194	25012.0
195-199	24205.0
200-204	23282.0
205-209	22107.0
210-214	20867.0
215-219	20187.0
220-224	19236.0
225-229	18218.0
230-234	17299.0
235-239	16440.0
240-244	15380.0
245-249	32116.0
250-252	251552.0
>>END_MODULE
>>Sequence Duplication Levels	warn
#Total Deduplicated Percentage	67.15280439781286
#Duplication Level	Percentage of total
1	48.80441826057752
2	22.397147231869074
3	11.708028604230686
4	6.486961791630888
5	3.7733084212206274
6	2.260766245454516
7	1.3950800214169596
8	0.8934826235905102
9	0.5648031210741666
>10	1.576584523140392
>50	0.010454294411150682
>100	0.0
>500	0.0
>1k	0.12896486138345717
>5k	0.0
>10k+	0.0
>>END_MODULE
>>Overrepresented sequences	warn
#Sequence	Count	Percentage	Possible Source
NNNNNNNNNNNNNNNNNNNNNNNNNNNNNNNNNNN	1505	0.1290549405318264	No Hit
>>END_MODULE
>>Adapter Content	pass
#Position	Illumina Universal Adapter	Illumina Small RNA 3' Adapter	Illumina Small RNA 5' Adapter	Nextera Transposase Sequence	PolyA	PolyG
1	0.0	0.0	0.0	0.0	0.0	0.003087028477837708
2	0.0	0.0	0.0	0.0	0.0	0.003087028477837708
3	0.0	0.0	0.0	0.0	0.0	0.003087028477837708
4	0.0	0.0	0.0	0.0	0.0	0.003087028477837708
5	0.0	0.0	0.0	0.0	0.0	0.003087028477837708
6	0.0	0.0	0.0	0.0	0.0	0.003087028477837708
7	0.0	0.0	0.0	0.0	0.0	0.003087028477837708
8	0.0	0.0	0.0	0.0	0.0	0.003087028477837708
9	0.0	0.0	0.0	0.0	0.0	0.003087028477837708
10-14	0.0	0.0	0.0	0.0	0.0	0.003087028477837708
15-19	0.0	0.0	0.0	0.0	0.0	0.003087028477837708
20-24	0.0	0.0	0.0	0.0	0.0	0.003087028477837708
25-29	0.0	0.0	0.0	8.575079105104744E-5	0.0	0.003087028477837708
30-34	0.0	0.0	0.0	2.2295205673272334E-4	0.0	0.003087028477837708
35-39	0.0	0.0	0.0	9.089583851411029E-4	0.0	0.003087028477837708
40-44	0.0	0.0	0.0	0.0018007666120719965	0.0	0.003087028477837708
45-49	0.0	0.0	0.0	0.002984127528576451	1.543514238918854E-4	0.003087028477837708
50-54	0.0	0.0	0.0	0.004338990027183001	1.715015821020949E-4	0.003087028477837708
55-59	0.0	0.0	0.0	0.006465609645248978	1.715015821020949E-4	0.003087028477837708
60-64	0.0	0.0	0.0	0.008386427364792441	1.715015821020949E-4	0.003087028477837708
65-69	0.0	0.0	0.0	0.010564497457489046	1.715015821020949E-4	0.003087028477837708
70-74	0.0	0.0	0.0	0.012948369448708164	1.715015821020949E-4	0.003087028477837708
75-79	0.0	0.0	0.0	0.01577814555339273	1.886517403123044E-4	0.003087028477837708
80-84	0.0	0.0	0.0	0.018573621341656875	2.9155268957356133E-4	0.003087028477837708
85-89	0.0	0.0	0.0	0.022020803141908983	3.430031642041898E-4	0.003087028477837708
90-94	0.0	0.0	0.0	0.02594818937204696	3.430031642041898E-4	0.003087028477837708
95-99	0.0	0.0	0.0	0.030218578766389125	4.1160379704502777E-4	0.0031213287942581268
100-104	0.0	0.0	0.0	0.034729070375674215	7.546069612492175E-4	0.0031727792688887556
105-109	0.0	0.0	0.0	0.03870790708044282	0.0013205621821861305	0.0031727792688887556
110-114	0.0	0.0	0.0	0.043852954543505664	0.0023667218330089097	0.0031727792688887556
115-119	0.0	0.0	0.0	0.04946105627824417	0.003481482116672526	0.0032242297435193835
120-124	0.0	0.0	0.0	0.05455465326667639	0.0045619420839157244	0.003258530059939803
125-129	0.0	0.0	0.0	0.061174614335817244	0.0061912071138856255	0.003258530059939803
130-134	0.0	0.0	0.0	0.06750302271538455	0.007991973725957622	0.003258530059939803
135-139	0.0	0.0	0.0	0.07506624248608694	0.009912791445501085	0.003258530059939803
140-144	0.0	0.0	0.0	0.08297246542099351	0.012313813594930414	0.003258530059939803
145-149	0.0	0.0	0.0	0.0901755318692815	0.014183180839843245	0.003258530059939803
150-154	0.0	0.0	0.0	0.09851050875944331	0.016275500141488805	0.003258530059939803
155-159	0.0	0.0	0.0	0.10645103201077029	0.019756982258161332	0.003258530059939803
160-164	0.0	0.0	0.0	0.11353404735158681	0.02287831105241946	0.003258530059939803
165-169	0.0	0.0	0.0	0.12013685826251748	0.026788547124347223	0.003258530059939803
170-174	0.0	0.0	0.0	0.12749427613469733	0.030441530823121843	0.003258530059939803
175-179	0.0	0.0	0.0	0.13512609653824054	0.03442036752789044	0.003258530059939803
180-184	0.0	0.0	0.0	0.14426713086428222	0.03956541499095329	0.003258530059939803
185-189	0.0	0.0	0.0	0.15279075949475635	0.04510491609285096	0.003258530059939803
190-194	0.0	0.0	0.0	0.1610914360684977	0.05055866640369757	0.003258530059939803
195-199	0.0	0.0	0.0	0.17052402308411294	0.057024276048946554	0.003258530059939803
200-204	0.0	0.0	0.0	0.17827589459512766	0.06371283775092826	0.003258530059939803
205-209	0.0	0.0	0.0	0.18601061594793208	0.07215071559035133	0.003258530059939803
210-214	0.0	0.0	0.0	0.19374533730073662	0.08089729627755818	0.003258530059939803
215-219	0.0	0.0	0.0	0.20118850596396748	0.08794601130195426	0.003258530059939803
220-224	0.0	0.0	0.0	0.2079971187734207	0.09586938439507105	0.003258530059939803
225-229	0.0	0.0	0.0	0.2147714312664534	0.1044959139748064	0.003258530059939803
230-234	0.0	0.0	0.0	0.2223175008789456	0.11190478232161691	0.003258530059939803
235-239	0.0	0.0	0.0	0.22818285498683727	0.12063421285061356	0.003258530059939803
240	0.0	0.0	0.0	0.22895461210629667	0.12656816759134604	0.003258530059939803
>>END_MODULE
