##FastQC	0.12.1
>>Basic Statistics	pass
#Measure	Value
Filename	ERR13346995_1.gz
File type	Conventional base calls
Encoding	Sanger / Illumina 1.9
Total Sequences	650232
Total Bases	129.8 Mbp
Sequences flagged as poor quality	0
Sequence length	35-251
%GC	33
>>END_MODULE
>>Per base sequence quality	pass
#Base	Mean	Median	Lower Quartile	Upper Quartile	10th Percentile	90th Percentile
1	33.6308486817013	34.0	34.0	34.0	34.0	34.0
2	33.620132506551506	34.0	34.0	34.0	34.0	34.0
3	33.65713468423578	34.0	34.0	34.0	34.0	34.0
4	33.67906531822488	34.0	34.0	34.0	34.0	34.0
5	33.677873435942864	34.0	34.0	34.0	34.0	34.0
6	37.4843455874211	38.0	38.0	38.0	37.0	38.0
7	37.443940009104445	38.0	38.0	38.0	37.0	38.0
8	37.28770654166513	38.0	38.0	38.0	37.0	38.0
9	37.294850145794115	38.0	38.0	38.0	37.0	38.0
10-14	37.2476771367758	38.0	38.0	38.0	36.8	38.0
15-19	37.2158272739576	38.0	38.0	38.0	36.2	38.0
20-24	37.195572041978856	38.0	38.0	38.0	36.2	38.0
25-29	37.06863211899753	38.0	38.0	38.0	36.0	38.0
30-34	37.00248711229223	38.0	38.0	38.0	36.0	38.0
35-39	36.94476217621518	38.0	38.0	38.0	35.8	38.0
40-44	36.84834476693117	38.0	37.8	38.0	35.4	38.0
45-49	36.829778999050276	38.0	37.8	38.0	35.2	38.0
50-54	36.83526559156053	38.0	37.8	38.0	35.4	38.0
55-59	36.694680682985705	38.0	37.2	38.0	34.8	38.0
60-64	36.666887893607154	38.0	37.0	38.0	34.2	38.0
65-69	36.69678500333275	38.0	37.2	38.0	34.6	38.0
70-74	36.68532649533719	38.0	37.2	38.0	34.4	38.0
75-79	36.63792538472855	38.0	37.0	38.0	34.0	38.0
80-84	36.604560406109336	38.0	37.0	38.0	34.2	38.0
85-89	36.557250299199794	38.0	37.0	38.0	34.2	38.0
90-94	36.590502635321926	38.0	37.0	38.0	34.0	38.0
95-99	36.44135807297452	38.0	37.0	38.0	34.0	38.0
100-104	36.40131000836688	38.0	37.0	38.0	34.0	38.0
105-109	36.46376790978741	38.0	37.0	38.0	34.0	38.0
110-114	36.285702633671804	38.0	37.0	38.0	33.6	38.0
115-119	36.3068021306436	38.0	37.0	38.0	33.6	38.0
120-124	36.17226306752298	38.0	37.0	38.0	32.8	38.0
125-129	36.10620302061951	38.0	37.0	38.0	32.6	38.0
130-134	36.18439460566299	38.0	37.0	38.0	32.8	38.0
135-139	36.062013614769185	38.0	37.0	38.0	32.6	38.0
140-144	35.75422891742214	38.0	37.0	38.0	31.2	38.0
145-149	35.627482650057516	38.0	36.2	38.0	30.8	38.0
150-154	35.57296332730234	38.0	36.0	38.0	30.2	38.0
155-159	35.71937179403248	38.0	36.8	38.0	30.8	38.0
160-164	35.69833678152777	38.0	36.8	38.0	31.0	38.0
165-169	35.4843098860636	38.0	36.0	38.0	29.2	38.0
170-174	35.38746569177042	38.0	36.0	38.0	28.8	38.0
175-179	35.49634939900612	38.0	36.0	38.0	29.8	38.0
180-184	35.28727880079314	38.0	36.0	38.0	28.2	38.0
185-189	35.14452254422156	38.0	35.8	38.0	27.6	38.0
190-194	34.962762907824846	38.0	35.4	38.0	27.0	38.0
195-199	34.60097561234058	37.6	35.0	38.0	25.8	38.0
200-204	34.56082548328912	37.0	35.0	38.0	25.6	38.0
205-209	34.32034146582964	37.0	34.4	38.0	24.6	38.0
210-214	33.97132610639946	37.0	34.0	38.0	23.8	38.0
215-219	33.735028563138385	37.0	33.6	38.0	23.4	38.0
220-224	33.76138006362466	37.0	33.6	37.8	23.6	38.0
225-229	34.0622318175475	37.0	34.0	38.0	24.0	38.0
230-234	33.651454042511645	37.0	33.8	37.6	23.0	38.0
235-239	33.05530272496246	37.0	32.2	37.2	22.0	38.0
240-244	32.769374510168625	36.8	31.8	37.0	21.0	37.6
245-249	32.310674456247874	36.4	30.8	37.0	20.2	37.2
250-251	28.88967347077879	32.0	24.0	36.0	15.0	37.5
>>END_MODULE
>>Per sequence quality scores	pass
#Quality	Count
2	351.0
3	0.0
4	0.0
5	0.0
6	0.0
7	0.0
8	0.0
9	0.0
10	0.0
11	0.0
12	0.0
13	8.0
14	16.0
15	48.0
16	127.0
17	266.0
18	378.0
19	437.0
20	521.0
21	655.0
22	824.0
23	1135.0
24	1513.0
25	2046.0
26	2865.0
27	4064.0
28	5532.0
29	7706.0
30	10343.0
31	13840.0
32	18711.0
33	25233.0
34	35010.0
35	52384.0
36	98355.0
37	367864.0
>>END_MODULE
>>Per base sequence content	fail
#Base	G	A	T	C
1	33.33117909278776	29.548640443404256	16.751682231054605	20.36849823275338
2	11.546267701317626	23.500302363048004	46.71070549839124	18.242724437243126
3	13.450308594958155	33.02158395152343	36.29079785376092	17.237309599757495
4	9.360021296206536	21.864772165981154	49.59292547404833	19.18228106376398
5	8.77683760565396	40.97380905119552	41.292636651940896	8.956716691209621
6	19.254755870690172	48.90603048865869	22.552282648669525	9.28693099198161
7	18.349359344249176	37.5505669499493	30.661921182493412	13.438152523308114
8	18.216258053397468	42.39760817749711	25.347255882230748	14.038877886874673
9	20.268479921708742	20.43635680993905	29.70205314511426	29.59311012323795
10-14	18.464888187221966	28.80459653382696	34.72675766794229	18.003757611008787
15-19	16.658557489755818	34.90263602105616	32.02457065216555	16.41423583702247
20-24	16.673360199790423	33.28775575836191	33.53672441570072	16.50215962614694
25-29	16.960181941001508	33.2460250415076	33.04315713184414	16.750635885646755
30-34	16.86970383808728	33.28203163348367	33.165302570778344	16.682961957650708
35-39	16.873970600868876	33.251674212129586	33.10870916697535	16.765646020026193
40-44	16.87171163275823	33.19704127952009	33.12517165084136	16.80607543688032
45-49	16.937152003248176	33.156833424523235	33.101933803559625	16.804080768668967
50-54	16.87868609335355	33.108039079848005	33.15154324907519	16.86173157772326
55-59	16.910126631599454	32.93462692382622	33.18037794661991	16.97486849795441
60-64	16.900534044139885	33.172882154009336	33.08014919924687	16.84643460260391
65-69	16.82428497583263	33.06973599470687	33.140210397554284	16.965768631906215
70-74	16.827509084764554	32.948615230001806	33.21479788218348	17.00907780305015
75-79	16.93759693612588	33.08865601753042	33.05490449433373	16.918842552009984
80-84	16.768689988481896	33.03163503248927	33.27309200889639	16.926582970132444
85-89	16.899333734936643	32.97582236034159	33.1108463919045	17.013997512817262
90-94	16.950523149802663	33.11152833825919	33.06287840647344	16.875070105464705
95-99	16.778249001982697	33.10163986681906	33.133384110952065	16.986727020246175
100-104	16.861060186631097	32.97492340240491	33.18821798799877	16.975798422965227
105-109	16.950095517179445	33.057941472518046	33.056391361297564	16.935571649004945
110-114	16.783218933011337	33.01830689800638	33.1947321768625	17.003741992119785
115-119	16.849460147646887	32.992371519646674	33.19371764049248	16.96445069221396
120-124	16.88046746820104	33.06630389729391	33.1115209444024	16.941707690102646
125-129	16.75957119663423	33.05167020372602	33.18113947286591	17.007619126773843
130-134	16.845882977395235	32.96903553929532	33.12589848481419	17.059182998495253
135-139	16.89047073733526	33.04247372354193	33.07588973387146	16.99116580525134
140-144	16.73592520838438	32.961942171337085	33.26034616842115	17.041786451857387
145-149	16.850898316666115	32.96075595260112	33.10901859707251	17.079327133660254
150-154	16.823373131589552	33.0271540324157	33.14559140900188	17.00388142699287
155-159	16.761247227158314	32.953905843527195	33.25232276020502	17.032524169109468
160-164	16.847349876806902	33.04396269729816	32.98539341904994	17.123294006844993
165-169	16.78328058250748	32.925638630899876	33.23436067728601	17.05672010930663
170-174	16.788387795412326	33.00407330161846	33.101497699751185	17.106041203218034
175-179	16.846865991276815	32.99068152934357	33.04607922467093	17.116373254708687
180-184	16.763234200761087	32.95884722831537	33.16759968746288	17.110318883460664
185-189	16.744198771406822	32.98382818064834	33.13488632044454	17.1370867275003
190-194	16.789488397534686	32.85456070289958	33.16529867277849	17.190652226787247
195-199	16.77617440002003	32.828324980282346	33.24469083974244	17.150809779955182
200-204	16.706804997829025	33.065930242906575	33.15336258532204	17.073902173942358
205-209	16.723229319402098	32.93039531019851	33.12359139474299	17.2227839756564
210-214	16.687283208980197	32.93740725440736	33.19184461896707	17.183464917645374
215-219	16.710138498929272	33.068641714690656	33.00780701969098	17.213412766689093
220-224	16.796503249313428	32.842908240575255	33.064575933080704	17.296012577030602
225-229	16.757811350966293	32.93978695676084	33.08232308957459	17.220078602698273
230-234	16.609806520993445	33.0621439894897	33.08757212916965	17.2404773603472
235-239	16.634635551248188	32.93417811402072	33.02663883021087	17.404547504520227
240-244	16.575277326311756	33.005770090632296	33.13678592466944	17.2821666583865
245-249	16.63676852653718	33.12146892655367	33.16005667391291	17.081705872996235
250-251	18.340348503088723	38.00120385585364	36.54998637973304	7.108461261324593
>>END_MODULE
>>Per sequence GC content	pass
#GC Content	Count
0	351.0
1	175.5
2	0.0
3	0.0
4	0.0
5	0.0
6	0.0
7	0.0
8	0.5
9	1.0
10	4.666666666666667
11	8.166666666666666
12	14.500000000000002
13	27.5
14	37.83333333333333
15	67.16666666666667
16	150.83333333333334
17	268.6666666666668
18	445.16666666666555
19	765.5000000000026
20	1245.8333333333317
21	1993.833333333291
22	3065.0000000000787
23	4366.666666666821
24	6111.4999999996635
25	8216.833333332344
26	10946.666666667306
27	14428.000000002969
28	18458.333333334882
29	22984.99999999526
30	27302.166666655452
31	31479.999999982396
32	34947.499999986525
33	37092.333333326045
34	37681.16666666083
35	36640.49999999099
36	34379.66666665083
37	30826.499999982778
38	26720.166666656045
39	21886.833333329938
40	17395.50000000294
41	13637.666666668887
42	10196.666666666913
43	7200.166666666169
44	5091.333333333308
45	3618.0000000001005
46	2569.5000000000095
47	1916.6666666666338
48	1593.4999999999745
49	1294.666666666662
50	1076.8333333333458
51	901.5000000000118
52	673.6666666666695
53	504.33333333332814
54	392.4999999999973
55	285.0000000000005
56	200.50000000000048
57	161.00000000000009
58	134.8333333333332
59	78.16666666666664
60	44.16666666666667
61	32.33333333333333
62	18.833333333333332
63	11.500000000000002
64	7.166666666666666
65	3.5
66	1.1666666666666665
67	1.1666666666666665
68	2.8333333333333335
69	2.333333333333333
70	0.6666666666666666
71	0.6666666666666666
72	0.0
73	0.8333333333333333
74	0.8333333333333333
75	0.3333333333333333
76	0.0
77	0.3333333333333333
78	0.3333333333333333
79	0.0
80	0.0
81	0.0
82	0.3333333333333333
83	0.3333333333333333
84	0.0
85	0.0
86	0.0
87	0.3333333333333333
88	0.3333333333333333
89	0.6666666666666666
90	0.0
91	0.0
92	0.0
93	0.0
94	0.0
95	0.5
96	0.5
97	0.0
98	0.0
99	0.0
100	0.0
>>END_MODULE
>>Per base N content	pass
#Base	N-Count
1	0.053980733030672134
2	0.053980733030672134
3	0.053980733030672134
4	0.053980733030672134
5	0.053980733030672134
6	0.053980733030672134
7	0.053980733030672134
8	0.053980733030672134
9	0.053980733030672134
10-14	0.053980733030672134
15-19	0.053980733030672134
20-24	0.053980733030672134
25-29	0.053980733030672134
30-34	0.053980733030672134
35-39	0.010806656900650802
40-44	0.0
45-49	0.0
50-54	0.0
55-59	0.0
60-64	0.0
65-69	0.0
70-74	0.0
75-79	0.0
80-84	0.0
85-89	0.0
90-94	0.0
95-99	0.0
100-104	0.0
105-109	0.0
110-114	0.0
115-119	0.0
120-124	0.0
125-129	0.0
130-134	0.0
135-139	0.0
140-144	0.0
145-149	0.0
150-154	0.0
155-159	0.0
160-164	0.0
165-169	0.0
170-174	0.0
175-179	0.0
180-184	0.0
185-189	0.0
190-194	0.0
195-199	0.0
200-204	0.0
205-209	0.0
210-214	0.0
215-219	0.0
220-224	0.0
225-229	0.0
230-234	0.0
235-239	0.0
240-244	0.0
245-249	0.0
250-251	2.196812425171077E-4
>>END_MODULE
>>Sequence Length Distribution	warn
#Length	Count
35-39	1481.0
40-44	1661.0
45-49	2106.0
50-54	2289.0
55-59	2722.0
60-64	2966.0
65-69	3421.0
70-74	3890.0
75-79	4109.0
80-84	4725.0
85-89	5186.0
90-94	5859.0
95-99	6363.0
100-104	6999.0
105-109	7579.0
110-114	8497.0
115-119	8707.0
120-124	9491.0
125-129	9982.0
130-134	10880.0
135-139	11075.0
140-144	11644.0
145-149	12245.0
150-154	12588.0
155-159	12939.0
160-164	12930.0
165-169	13418.0
170-174	13392.0
175-179	13174.0
180-184	13299.0
185-189	13104.0
190-194	12982.0
195-199	12766.0
200-204	12247.0
205-209	12152.0
210-214	11773.0
215-219	11483.0
220-224	11032.0
225-229	10818.0
230-234	10453.0
235-239	10006.0
240-244	9679.0
245-249	26164.0
250-252	249956.0
>>END_MODULE
>>Sequence Duplication Levels	pass
#Total Deduplicated Percentage	77.83971565478697
#Duplication Level	Percentage of total
1	62.92403856259065
2	21.058793589558753
3	8.567198776053628
4	3.621081861117111
5	1.678768861512674
6	0.8505236714977324
7	0.4576907606905952
8	0.26316426620436517
9	0.18066150879508064
>10	0.34412888306580697
>50	0.0
>100	0.053949258913569276
>500	0.0
>1k	0.0
>5k	0.0
>10k+	0.0
>>END_MODULE
>>Overrepresented sequences	pass
>>END_MODULE
>>Adapter Content	pass
#Position	Illumina Universal Adapter	Illumina Small RNA 3' Adapter	Illumina Small RNA 5' Adapter	Nextera Transposase Sequence	PolyA	PolyG
1	0.0	0.0	0.0	0.0	0.0	0.005690276701238942
2	0.0	0.0	0.0	0.0	0.0	0.005690276701238942
3	0.0	0.0	0.0	0.0	0.0	0.005690276701238942
4	0.0	0.0	0.0	0.0	0.0	0.005690276701238942
5	0.0	0.0	0.0	0.0	0.0	0.005690276701238942
6	0.0	0.0	0.0	0.0	0.0	0.005690276701238942
7	0.0	0.0	0.0	0.0	0.0	0.005690276701238942
8	0.0	0.0	0.0	0.0	0.0	0.005690276701238942
9	0.0	0.0	0.0	0.0	0.0	0.005690276701238942
10-14	0.0	0.0	0.0	0.0	0.0	0.005690276701238942
15-19	0.0	0.0	0.0	0.0	0.0	0.005690276701238942
20-24	0.0	0.0	0.0	0.0	0.0	0.005690276701238942
25-29	0.0	0.0	0.0	0.0	0.0	0.005690276701238942
30-34	0.0	0.0	0.0	0.0	6.151650487825884E-5	0.005690276701238942
35-39	0.0	0.0	0.0	3.075825243912942E-5	3.3834077683042357E-4	0.005690276701238942
40-44	0.0	0.0	0.0	4.6137378658694125E-4	4.6137378658694125E-4	0.005690276701238942
45-49	0.0	0.0	0.0	0.0010765388353695296	4.6137378658694125E-4	0.005690276701238942
50-54	0.0	0.0	0.0	0.0019992864085434125	4.6137378658694125E-4	0.005690276701238942
55-59	0.0	0.0	0.0	0.002860517476839036	4.6137378658694125E-4	0.005690276701238942
60-64	0.0	0.0	0.0	0.0034449242731824947	4.6137378658694125E-4	0.005690276701238942
65-69	0.0	0.0	0.0	0.003967814564647695	4.6137378658694125E-4	0.005690276701238942
70-74	0.0	0.0	0.0	0.00476752912806506	4.6137378658694125E-4	0.005690276701238942
75-79	0.0	0.0	0.0	0.005505727186604166	4.6137378658694125E-4	0.005690276701238942
80-84	0.0	0.0	0.0	0.006582266021973695	5.84406796343459E-4	0.005690276701238942
85-89	0.0	0.0	0.0	0.008520035925638849	6.151650487825884E-4	0.005690276701238942
90-94	0.0	0.0	0.0	0.010427047576864874	6.151650487825884E-4	0.005690276701238942
95-99	0.0	0.0	0.0	0.012887707771995226	6.459233012217179E-4	0.005690276701238942
100-104	0.0	0.0	0.0	0.014487136898829958	9.842640780521415E-4	0.005690276701238942
105-109	0.0	0.0	0.0	0.017624478647621157	0.0014148796121999535	0.005690276701238942
110-114	0.0	0.0	0.0	0.019931347580555862	0.0017532203890303767	0.005690276701238942
115-119	0.0	0.0	0.0	0.022791865057394896	0.0023376271853738357	0.005690276701238942
120-124	0.0	0.0	0.0	0.026390580592773043	0.0029835504865955535	0.005690276701238942
125-129	0.0	0.0	0.0	0.031188867973277235	0.0036602320402564005	0.005690276701238942
130-134	0.0	0.0	0.0	0.03632549613061184	0.0043984300987955065	0.005690276701238942
135-139	0.0	0.0	0.0	0.040539376714772576	0.005505727186604166	0.005690276701238942
140-144	0.0	0.0	0.0	0.04481477380381156	0.006551507769534566	0.005690276701238942
145-149	0.0	0.0	0.0	0.04905941264041143	0.006982123303682378	0.005690276701238942
150-154	0.0	0.0	0.0	0.053980733030672134	0.007628046604904096	0.005690276701238942
155-159	0.0	0.0	0.0	0.05822537186727199	0.009196717479299697	0.005690276701238942
160-164	3.075825243912942E-5	0.0	0.0	0.06363882429655877	0.011349795150038755	0.005690276701238942
165-169	1.537912621956471E-4	0.0	0.0	0.0680680126477934	0.012887707771995226	0.005690276701238942
170-174	1.537912621956471E-4	0.0	0.0	0.07348146507708017	0.015502159229321227	0.005690276701238942
175-179	1.537912621956471E-4	0.0	0.0	0.08006373109905388	0.01740917088054725	0.005690276701238942
180-184	1.537912621956471E-4	0.0	0.0	0.08744571168444494	0.019623765056164567	0.005690276701238942
185-189	1.537912621956471E-4	0.0	0.0	0.09547361557105771	0.022576557290320994	0.005690276701238942
190-194	1.537912621956471E-4	0.0	0.0	0.1015329913015662	0.024698876708620927	0.005690276701238942
195-199	1.537912621956471E-4	0.0	0.0	0.10860738936256598	0.028359108748877326	0.005690276701238942
200-204	1.537912621956471E-4	0.0	0.0	0.11435918256868319	0.03358801166352933	0.005690276701238942
205-209	1.537912621956471E-4	0.0	0.0	0.11992642626016559	0.03961662914159869	0.005690276701238942
210-214	1.537912621956471E-4	0.0	0.0	0.12635490101994368	0.04542993885259415	0.005690276701238942
215-219	1.537912621956471E-4	0.0	0.0	0.13425977189679988	0.050166709728220085	0.005690276701238942
220-224	1.537912621956471E-4	0.0	0.0	0.1431489068517083	0.05373466701115909	0.005690276701238942
225-229	1.537912621956471E-4	0.0	0.0	0.15114605248588195	0.058010064100198086	0.005690276701238942
230-234	1.537912621956471E-4	0.0	0.0	0.15935850588712952	0.0637618573063153	0.005690276701238942
235-239	1.537912621956471E-4	0.0	0.0	0.16514105734568588	0.07006729905633681	0.005690276701238942
240	1.537912621956471E-4	0.0	0.0	0.16594077190910322	0.07428117964049755	0.005690276701238942
>>END_MODULE
