##FastQC	0.12.1
>>Basic Statistics	pass
#Measure	Value
Filename	ERR13346996_1.gz
File type	Conventional base calls
Encoding	Sanger / Illumina 1.9
Total Sequences	317500
Total Bases	61.1 Mbp
Sequences flagged as poor quality	0
Sequence length	35-251
%GC	33
>>END_MODULE
>>Per base sequence quality	pass
#Base	Mean	Median	Lower Quartile	Upper Quartile	10th Percentile	90th Percentile
1	33.60623937007874	34.0	34.0	34.0	34.0	34.0
2	33.547606299212596	34.0	34.0	34.0	34.0	34.0
3	33.609212598425195	34.0	34.0	34.0	34.0	34.0
4	33.614815748031496	34.0	34.0	34.0	34.0	34.0
5	33.62102992125984	34.0	34.0	34.0	34.0	34.0
6	37.42298267716536	38.0	38.0	38.0	37.0	38.0
7	37.352507086614175	38.0	38.0	38.0	37.0	38.0
8	37.23765354330709	38.0	38.0	38.0	37.0	38.0
9	37.217851968503936	38.0	38.0	38.0	36.0	38.0
10-14	37.163110551181106	38.0	38.0	38.0	36.0	38.0
15-19	37.13558929133858	38.0	38.0	38.0	36.0	38.0
20-24	37.1223231496063	38.0	38.0	38.0	36.0	38.0
25-29	36.9987779527559	38.0	38.0	38.0	36.0	38.0
30-34	36.928506456692915	38.0	38.0	38.0	36.0	38.0
35-39	36.875731974567906	38.0	37.8	38.0	35.2	38.0
40-44	36.77508613104219	38.0	37.0	38.0	34.6	38.0
45-49	36.75655639905072	38.0	37.0	38.0	34.4	38.0
50-54	36.76375814656329	38.0	37.0	38.0	34.4	38.0
55-59	36.64458202471068	38.0	37.0	38.0	34.2	38.0
60-64	36.59579300609042	38.0	37.0	38.0	34.0	38.0
65-69	36.6395944946441	38.0	37.0	38.0	34.0	38.0
70-74	36.64672818419017	38.0	37.0	38.0	34.2	38.0
75-79	36.56571638677097	38.0	37.0	38.0	34.0	38.0
80-84	36.541573369907155	38.0	37.0	38.0	34.0	38.0
85-89	36.49294174378261	38.0	37.0	38.0	34.0	38.0
90-94	36.51988360381019	38.0	37.0	38.0	34.0	38.0
95-99	36.377287253025244	38.0	37.0	38.0	34.0	38.0
100-104	36.32842123928178	38.0	37.0	38.0	33.6	38.0
105-109	36.398973547839105	38.0	37.0	38.0	33.8	38.0
110-114	36.21157857167282	38.0	37.0	38.0	33.2	38.0
115-119	36.240259782829995	38.0	37.0	38.0	33.2	38.0
120-124	36.09243313420969	38.0	37.0	38.0	32.4	38.0
125-129	36.040283315774666	38.0	37.0	38.0	32.2	38.0
130-134	36.11231860203128	38.0	37.0	38.0	32.2	38.0
135-139	35.96712610151634	38.0	37.0	38.0	31.8	38.0
140-144	35.64995580058031	38.0	36.6	38.0	30.6	38.0
145-149	35.48855146835345	38.0	36.0	38.0	30.0	38.0
150-154	35.44905496529922	38.0	36.0	38.0	29.8	38.0
155-159	35.61643155858816	38.0	36.2	38.0	30.4	38.0
160-164	35.586780313215954	38.0	36.0	38.0	30.2	38.0
165-169	35.37280910599415	38.0	36.0	38.0	28.8	38.0
170-174	35.27504426641874	38.0	36.0	38.0	28.4	38.0
175-179	35.35393308365791	38.0	36.0	38.0	28.8	38.0
180-184	35.16870579438924	38.0	35.8	38.0	28.0	38.0
185-189	35.0038804621834	38.0	35.2	38.0	27.4	38.0
190-194	34.7987418146414	38.0	35.0	38.0	26.8	38.0
195-199	34.40953061413891	37.4	34.6	38.0	25.0	38.0
200-204	34.37085722059615	37.0	34.8	38.0	25.0	38.0
205-209	34.1268676740498	37.0	34.2	38.0	24.0	38.0
210-214	33.79094355411826	37.0	33.8	38.0	23.4	38.0
215-219	33.520382921226975	37.0	33.0	38.0	23.4	38.0
220-224	33.57690205004089	37.0	33.4	37.6	23.2	38.0
225-229	33.93904995533782	37.0	34.0	38.0	23.6	38.0
230-234	33.47495034417698	37.0	33.2	37.6	22.2	38.0
235-239	32.87498060316462	37.0	32.0	37.0	21.2	38.0
240-244	32.592135934400034	36.8	31.4	37.0	21.0	37.6
245-249	32.11252096952713	36.4	29.8	37.0	19.8	37.2
250-251	28.758934725421312	32.0	24.0	36.0	14.5	37.5
>>END_MODULE
>>Per sequence quality scores	pass
#Quality	Count
2	217.0
3	0.0
4	0.0
5	0.0
6	0.0
7	0.0
8	0.0
9	0.0
10	0.0
11	0.0
12	0.0
13	3.0
14	4.0
15	6.0
16	13.0
17	22.0
18	30.0
19	89.0
20	108.0
21	211.0
22	355.0
23	500.0
24	767.0
25	936.0
26	1434.0
27	2022.0
28	2810.0
29	4027.0
30	5511.0
31	7608.0
32	10227.0
33	13128.0
34	18365.0
35	27059.0
36	48760.0
37	173288.0
>>END_MODULE
>>Per base sequence content	fail
#Base	G	A	T	C
1	32.76381022620185	30.22916449983138	16.760431539036126	20.246593734930645
2	11.38668003013083	23.78412962560238	46.978564877412275	17.85062546685451
3	13.297592370218386	33.28416587084716	36.490451741820394	16.92779001711406
4	9.13506238909743	22.062953262544795	49.959184702615644	18.84279964574213
5	8.617858504867893	41.37441968211345	41.66564234453154	8.342079468487123
6	19.25725614041723	49.30172747988389	22.52311028324871	8.917906096450173
7	18.009159015768258	37.92229649870935	30.881894081939464	13.186650403582922
8	17.94045063870425	42.729676660898946	25.42178433764179	13.908088362755016
9	20.50283185673358	20.323496689075682	29.549014602106006	29.62465685208473
10-14	18.445993009395398	28.85808568375866	34.890176908312135	17.8057443985338
15-19	16.610848989703197	34.99563481182415	32.10288606701273	16.290630131459928
20-24	16.64167320656953	33.391514830608635	33.54418610514903	16.422625857672806
25-29	16.888266941500174	33.341023628747834	33.06543369799201	16.705275731759976
30-34	16.831661324432762	33.32072629167021	33.176753875877374	16.670858508019652
35-39	16.91883606360901	33.26680586131419	33.12809482057137	16.68626325450543
40-44	16.927767455449917	33.20080138927712	33.061924270231096	16.809506885041873
45-49	16.987245370546603	33.21386970788193	33.0372437210223	16.761641200549164
50-54	16.951795326475978	33.121485255029796	33.063332129506314	16.863387288987912
55-59	16.999586023593455	33.02104881274509	33.035253258224664	16.944111905436785
60-64	16.925670241718084	33.21458672448514	33.03218833036306	16.827554703433723
65-69	16.946787594342613	33.15896156141152	32.967461101266785	16.92678974297907
70-74	16.90189588996812	33.13645988871936	33.0712843939233	16.89035982738922
75-79	16.984941654329326	33.16251532041842	32.94582910229244	16.906713922959806
80-84	16.824197098681942	33.12176784151484	33.11580077969607	16.938234280107142
85-89	16.981236957086637	33.03918968514842	33.01514652264879	16.964426835116146
90-94	16.96583286705044	33.14607502706247	33.03660580376558	16.851486302121508
95-99	16.814003871975107	33.19038674472817	33.01695738494869	16.97865199834803
100-104	16.88540947652023	33.09427256128788	33.029004586849545	16.991313375342344
105-109	16.998114729357276	33.0659646796277	33.04065808457351	16.89526250644152
110-114	16.80052175801387	33.159461933452846	33.060733466936746	16.97928284159654
115-119	16.831822406735046	33.09731285299613	33.144189787127445	16.926674953141376
120-124	16.955275636450597	33.149687800102384	33.01606400191318	16.878972561533836
125-129	16.81062996035535	33.121233185397934	33.141857569530906	16.926279284715804
130-134	16.89275925204945	33.09058870068688	33.02421504750915	16.99243699975452
135-139	16.942930426418723	33.084001282462324	33.01474831676819	16.95831997435075
140-144	16.798654448745292	33.1077856334097	33.09782894910077	16.99573096874424
145-149	16.832622897984077	33.11446454266376	33.01413793132618	17.038774628025976
150-154	16.85672225709259	33.034328401086796	33.08151221512337	17.027437126697244
155-159	16.813209283304364	33.036750448865234	33.133967215349486	17.01607305248091
160-164	16.874684966727862	33.064227480612445	32.96221450470989	17.098873047949798
165-169	16.794812457354983	33.15160392978304	33.09654116108962	16.957042451772363
170-174	16.777077589602204	33.10387948011028	32.98591965340685	17.133123276880664
175-179	16.80701100662067	33.066796168299184	32.97262241823937	17.15357040684078
180-184	16.863435715030526	33.131034598981906	32.94291994805255	17.062609737935013
185-189	16.772739760076398	33.04694688278105	33.07060347195876	17.10970988518378
190-194	16.81825011212016	33.031446739816836	32.99292485068532	17.157378297377686
195-199	16.77586257352726	33.12598402153873	32.96842351701736	17.129729887916653
200-204	16.84904530120365	33.10827033752173	32.95936012262053	17.083324238654086
205-209	16.70846820402501	33.09060797362231	32.89131767828062	17.309606144072056
210-214	16.685695815151373	33.16989119497839	32.995631116046525	17.14878187382371
215-219	16.644062066867246	33.24147256685034	32.99442209526385	17.12004327101856
220-224	16.703824001908142	33.22286684391815	32.86424828302244	17.20906087115127
225-229	16.77449121126867	33.12486446127267	32.917171828903186	17.183472498555467
230-234	16.618056866669185	33.150473888909865	33.016199071102214	17.215270173318732
235-239	16.63920070931096	33.20430599374027	32.910900643204684	17.24559265374409
240-244	16.617022140970953	33.22770668291692	32.93243956936827	17.222831606743856
245-249	16.712915139116756	33.212142080708645	33.019890218954444	17.055052561220148
250-251	18.290726766474315	38.23392921996691	36.358500464065216	7.116843549493564
>>END_MODULE
>>Per sequence GC content	pass
#GC Content	Count
0	217.0
1	108.5
2	0.0
3	0.0
4	0.0
5	0.0
6	0.0
7	1.5
8	2.5
9	3.0
10	4.5
11	5.0
12	6.5
13	14.5
14	31.0
15	51.666666666666664
16	94.49999999999999
17	160.33333333333334
18	227.33333333333348
19	395.4999999999993
20	658.0000000000009
21	1041.5000000000098
22	1604.499999999976
23	2292.666666666648
24	3171.8333333334317
25	4324.333333333497
26	5719.999999999752
27	7409.666666665967
28	9536.333333333188
29	11797.83333333452
30	14048.500000002688
31	16107.00000000412
32	17696.666666669335
33	18717.333333334638
34	18945.500000000928
35	18354.166666668494
36	17475.166666669757
37	15779.500000004122
38	13362.833333335697
39	11026.833333334078
40	8901.333333332817
41	6902.499999999501
42	5208.49999999994
43	3774.000000000112
44	2722.5000000000173
45	1939.833333333307
46	1341.8333333333292
47	994.0000000000072
48	798.6666666666702
49	580.8333333333326
50	438.83333333333076
51	378.6666666666652
52	289.3333333333337
53	219.50000000000077
54	174.00000000000023
55	135.33333333333323
56	103.6666666666666
57	70.0
58	55.00000000000003
59	37.333333333333336
60	26.166666666666668
61	20.333333333333332
62	10.833333333333332
63	5.499999999999999
64	3.0
65	1.8333333333333333
66	2.333333333333333
67	2.8333333333333335
68	1.9999999999999998
69	1.6666666666666665
70	1.6666666666666665
71	2.1666666666666665
72	1.3333333333333333
73	0.3333333333333333
74	0.5
75	1.0
76	1.0
77	1.0
78	0.5
79	0.0
80	0.0
81	0.0
82	0.0
83	0.0
84	0.0
85	0.3333333333333333
86	0.3333333333333333
87	0.0
88	0.0
89	0.0
90	0.0
91	0.0
92	0.0
93	0.0
94	0.0
95	0.0
96	0.0
97	0.0
98	0.0
99	0.0
100	0.0
>>END_MODULE
>>Per base N content	pass
#Base	N-Count
1	0.0683464566929134
2	0.0683464566929134
3	0.0683464566929134
4	0.0683464566929134
5	0.0683464566929134
6	0.0683464566929134
7	0.0683464566929134
8	0.0683464566929134
9	0.0683464566929134
10-14	0.0683464566929134
15-19	0.0683464566929134
20-24	0.0683464566929134
25-29	0.0683464566929134
30-34	0.0683464566929134
35-39	0.01368630114782025
40-44	0.0
45-49	0.0
50-54	0.0
55-59	0.0
60-64	0.0
65-69	0.0
70-74	0.0
75-79	0.0
80-84	0.0
85-89	0.0
90-94	0.0
95-99	0.0
100-104	0.0
105-109	0.0
110-114	0.0
115-119	0.0
120-124	0.0
125-129	0.0
130-134	0.0
135-139	0.0
140-144	0.0
145-149	0.0
150-154	0.0
155-159	0.0
160-164	0.0
165-169	0.0
170-174	0.0
175-179	0.0
180-184	0.0
185-189	0.0
190-194	0.0
195-199	0.0
200-204	0.0
205-209	0.0
210-214	0.0
215-219	0.0
220-224	0.0
225-229	1.4554473026195141E-4
230-234	0.0
235-239	1.5664970150399378E-4
240-244	0.0
245-249	0.0
250-251	0.0
>>END_MODULE
>>Sequence Length Distribution	warn
#Length	Count
35-39	868.0
40-44	942.0
45-49	1174.0
50-54	1321.0
55-59	1638.0
60-64	1767.0
65-69	2034.0
70-74	2285.0
75-79	2615.0
80-84	2977.0
85-89	3200.0
90-94	3616.0
95-99	3932.0
100-104	4346.0
105-109	4682.0
110-114	4997.0
115-119	5246.0
120-124	5732.0
125-129	5816.0
130-134	6216.0
135-139	6457.0
140-144	6542.0
145-149	6743.0
150-154	6673.0
155-159	6728.0
160-164	6734.0
165-169	6502.0
170-174	6586.0
175-179	6703.0
180-184	6387.0
185-189	6467.0
190-194	6239.0
195-199	6138.0
200-204	5727.0
205-209	5727.0
210-214	5666.0
215-219	5448.0
220-224	5186.0
225-229	5096.0
230-234	4815.0
235-239	4664.0
240-244	4316.0
245-249	11671.0
250-252	108881.0
>>END_MODULE
>>Sequence Duplication Levels	pass
#Total Deduplicated Percentage	86.87577476153325
#Duplication Level	Percentage of total
1	76.43134837212133
2	16.97184597612597
3	4.492541001530938
4	1.342434316067959
5	0.4179780087509184
6	0.14733398121153413
7	0.07504371358860018
8	0.031502275993993606
9	0.014567241660437512
>10	0.007016197756830602
>50	0.0
>100	0.06838891519146961
>500	0.0
>1k	0.0
>5k	0.0
>10k+	0.0
>>END_MODULE
>>Overrepresented sequences	pass
>>END_MODULE
>>Adapter Content	pass
#Position	Illumina Universal Adapter	Illumina Small RNA 3' Adapter	Illumina Small RNA 5' Adapter	Nextera Transposase Sequence	PolyA	PolyG
1	0.0	0.0	0.0	0.0	0.0	0.004094488188976378
2	0.0	0.0	0.0	0.0	0.0	0.004094488188976378
3	0.0	0.0	0.0	0.0	0.0	0.004094488188976378
4	0.0	0.0	0.0	0.0	0.0	0.004094488188976378
5	0.0	0.0	0.0	0.0	0.0	0.004094488188976378
6	0.0	0.0	0.0	0.0	0.0	0.004094488188976378
7	0.0	0.0	0.0	0.0	0.0	0.004094488188976378
8	0.0	0.0	0.0	0.0	0.0	0.004094488188976378
9	0.0	0.0	0.0	0.0	0.0	0.004094488188976378
10-14	0.0	0.0	0.0	0.0	0.0	0.004094488188976378
15-19	0.0	0.0	0.0	0.0	0.0	0.004094488188976378
20-24	0.0	0.0	0.0	0.0	0.0	0.004094488188976378
25-29	0.0	0.0	0.0	0.0	0.0	0.004094488188976378
30-34	0.0	0.0	0.0	2.519685039370079E-4	0.0	0.004094488188976378
35-39	0.0	0.0	0.0	7.559055118110235E-4	0.0	0.004094488188976378
40-44	0.0	0.0	0.0	0.002078740157480315	0.0	0.00415748031496063
45-49	0.0	0.0	0.0	0.0032755905511811026	0.0	0.004409448818897638
50-54	0.0	0.0	0.0	0.00352755905511811	0.0	0.004409448818897638
55-59	0.0	0.0	0.0	0.00447244094488189	0.0	0.004409448818897638
60-64	0.0	0.0	0.0	0.00636220472440945	0.0	0.004409448818897638
65-69	0.0	0.0	0.0	0.007307086614173228	0.0	0.004409448818897638
70-74	0.0	0.0	0.0	0.008503937007874015	0.0	0.004409448818897638
75-79	0.0	0.0	0.0	0.008566929133858267	0.0	0.004409448818897638
80-84	0.0	0.0	0.0	0.009763779527559056	0.0	0.004409448818897638
85-89	0.0	0.0	0.0	0.01278740157480315	0.0	0.004409448818897638
90-94	0.0	0.0	0.0	0.014866141732283464	0.0	0.004409448818897638
95-99	0.0	0.0	0.0	0.01700787401574803	1.8897637795275589E-4	0.004409448818897638
100-104	0.0	0.0	0.0	0.021165354330708663	6.299212598425197E-4	0.004409448818897638
105-109	0.0	0.0	0.0	0.023811023622047244	8.188976377952756E-4	0.004409448818897638
110-114	0.0	0.0	0.0	0.026960629921259843	0.0027716535433070866	0.004409448818897638
115-119	0.0	0.0	0.0	0.03048818897637795	0.004724409448818898	0.004409448818897638
120-124	0.0	0.0	0.0	0.03325984251968504	0.005921259842519685	0.004409448818897638
125-129	0.0	0.0	0.0	0.03892913385826772	0.006866141732283464	0.004409448818897638
130-134	0.0	0.0	0.0	0.04604724409448818	0.008	0.004409448818897638
135-139	0.0	0.0	0.0	0.052157480314960626	0.010015748031496062	0.004409448818897638
140-144	0.0	0.0	0.0	0.058204724409448814	0.01121259842519685	0.004409448818897638
145-149	0.0	0.0	0.0	0.06355905511811025	0.012598425196850394	0.004409448818897638
150-154	0.0	0.0	0.0	0.06966929133858268	0.013480314960629921	0.004409448818897638
155-159	0.0	0.0	0.0	0.07741732283464567	0.014551181102362204	0.004409448818897638
160-164	0.0	0.0	0.0	0.0847244094488189	0.015559055118110236	0.004409448818897638
165-169	0.0	0.0	0.0	0.09146456692913385	0.017763779527559052	0.004409448818897638
170-174	0.0	0.0	0.0	0.09921259842519685	0.020661417322834646	0.004409448818897638
175-179	0.0	0.0	0.0	0.10513385826771655	0.023811023622047244	0.004409448818897638
180-184	0.0	0.0	0.0	0.11445669291338581	0.026645669291338582	0.004409448818897638
185-189	0.0	0.0	0.0	0.12472440944881891	0.028346456692913385	0.004409448818897638
190-194	0.0	0.0	0.0	0.1331023622047244	0.032755905511811026	0.004409448818897638
195-199	0.0	0.0	0.0	0.14223622047244094	0.0386771653543307	0.004409448818897638
200-204	0.0	0.0	0.0	0.14985826771653543	0.044346456692913386	0.004409448818897638
205-209	0.0	0.0	0.0	0.1562204724409449	0.05140157480314961	0.004409448818897638
210-214	0.0	0.0	0.0	0.16453543307086613	0.058141732283464566	0.004409448818897638
215-219	0.0	0.0	0.0	0.1727244094488189	0.06538582677165354	0.004409448818897638
220-224	0.0	0.0	0.0	0.17851968503937007	0.07388976377952756	0.004409448818897638
225-229	0.0	0.0	0.0	0.18525984251968505	0.0815748031496063	0.004409448818897638
230-234	0.0	0.0	0.0	0.19168503937007872	0.08881889763779527	0.004409448818897638
235-239	0.0	0.0	0.0	0.1981102362204724	0.0971968503937008	0.004409448818897638
240	0.0	0.0	0.0	0.19874015748031496	0.10299212598425198	0.004409448818897638
>>END_MODULE
