##FastQC	0.12.1
>>Basic Statistics	pass
#Measure	Value
Filename	ERR13347007_1.gz
File type	Conventional base calls
Encoding	Sanger / Illumina 1.9
Total Sequences	916032
Total Bases	155.2 Mbp
Sequences flagged as poor quality	0
Sequence length	35-251
%GC	33
>>END_MODULE
>>Per base sequence quality	pass
#Base	Mean	Median	Lower Quartile	Upper Quartile	10th Percentile	90th Percentile
1	33.638583586599594	34.0	34.0	34.0	34.0	34.0
2	33.60536313141899	34.0	34.0	34.0	34.0	34.0
3	33.642371663872005	34.0	34.0	34.0	34.0	34.0
4	33.654575386012716	34.0	34.0	34.0	34.0	34.0
5	33.658748821001886	34.0	34.0	34.0	34.0	34.0
6	37.48425164186404	38.0	38.0	38.0	37.0	38.0
7	37.432916099000906	38.0	38.0	38.0	37.0	38.0
8	37.3145632466988	38.0	38.0	38.0	37.0	38.0
9	37.30869008942919	38.0	38.0	38.0	37.0	38.0
10-14	37.259351201704746	38.0	38.0	38.0	37.0	38.0
15-19	37.22872497904003	38.0	38.0	38.0	36.8	38.0
20-24	37.218014217843916	38.0	38.0	38.0	36.6	38.0
25-29	37.10983262593446	38.0	38.0	38.0	36.2	38.0
30-34	37.05051832250402	38.0	38.0	38.0	36.0	38.0
35-39	37.03952651790068	38.0	38.0	38.0	36.0	38.0
40-44	36.96336561421039	38.0	38.0	38.0	35.8	38.0
45-49	36.94928422407062	38.0	38.0	38.0	36.0	38.0
50-54	36.9579560904938	38.0	38.0	38.0	36.0	38.0
55-59	36.83669839256906	38.0	37.8	38.0	35.4	38.0
60-64	36.81566091727011	38.0	38.0	38.0	35.2	38.0
65-69	36.85144690955887	38.0	38.0	38.0	35.6	38.0
70-74	36.83903442870056	38.0	38.0	38.0	35.4	38.0
75-79	36.801481581131064	38.0	38.0	38.0	35.0	38.0
80-84	36.77317669255699	38.0	37.4	38.0	35.0	38.0
85-89	36.72948074567872	38.0	37.6	38.0	34.8	38.0
90-94	36.768301264506114	38.0	38.0	38.0	35.0	38.0
95-99	36.636078620646416	38.0	37.2	38.0	34.4	38.0
100-104	36.59922045377923	38.0	37.0	38.0	34.0	38.0
105-109	36.661214020220015	38.0	37.0	38.0	34.8	38.0
110-114	36.50334795759657	38.0	37.0	38.0	34.0	38.0
115-119	36.51944885984231	38.0	37.0	38.0	34.0	38.0
120-124	36.39399510738325	38.0	37.0	38.0	33.8	38.0
125-129	36.336231653001136	38.0	37.0	38.0	33.6	38.0
130-134	36.40628105956837	38.0	37.0	38.0	34.0	38.0
135-139	36.2877078942636	38.0	37.0	38.0	33.4	38.0
140-144	36.00420340655545	38.0	37.0	38.0	32.0	38.0
145-149	35.88174125032343	38.0	37.0	38.0	31.8	38.0
150-154	35.82281166670486	38.0	37.0	38.0	31.2	38.0
155-159	35.965944230818494	38.0	37.0	38.0	31.8	38.0
160-164	35.94560529486651	38.0	37.0	38.0	31.6	38.0
165-169	35.740262749286224	38.0	37.0	38.0	31.0	38.0
170-174	35.65994584048701	38.0	36.6	38.0	30.2	38.0
175-179	35.73863735291013	38.0	36.8	38.0	30.8	38.0
180-184	35.55105648477585	38.0	36.6	38.0	29.8	38.0
185-189	35.40618486654426	38.0	36.2	38.0	29.0	38.0
190-194	35.243524426869136	38.0	35.8	38.0	27.8	38.0
195-199	34.89466382216166	37.8	35.2	38.0	27.2	38.0
200-204	34.85054685798094	37.8	35.0	38.0	27.2	38.0
205-209	34.62785281781862	37.4	35.0	38.0	26.0	38.0
210-214	34.282037636578536	37.0	34.6	38.0	24.6	38.0
215-219	34.059298234351935	37.0	34.2	38.0	24.4	38.0
220-224	34.10596120941463	37.0	34.2	37.8	24.4	38.0
225-229	34.38831340330984	37.0	35.0	38.0	24.0	38.0
230-234	33.99467074446544	37.0	34.2	37.8	23.8	38.0
235-239	33.44059862144579	37.0	33.2	37.2	22.2	38.0
240-244	33.161475218444465	37.0	32.6	37.0	22.0	37.6
245-249	32.73516029405217	37.0	31.4	37.2	20.6	37.4
250-251	29.37891824123289	32.5	25.5	36.5	15.0	37.5
>>END_MODULE
>>Per sequence quality scores	pass
#Quality	Count
2	1616.0
3	0.0
4	0.0
5	0.0
6	0.0
7	0.0
8	0.0
9	0.0
10	0.0
11	0.0
12	1.0
13	5.0
14	8.0
15	32.0
16	81.0
17	147.0
18	228.0
19	326.0
20	556.0
21	751.0
22	1025.0
23	1354.0
24	1670.0
25	2155.0
26	3011.0
27	3997.0
28	5675.0
29	8167.0
30	11455.0
31	15533.0
32	21804.0
33	29526.0
34	41220.0
35	61176.0
36	114035.0
37	590478.0
>>END_MODULE
>>Per base sequence content	fail
#Base	G	A	T	C
1	33.51691134013403	29.748823292680793	16.02399783030918	20.710267536875996
2	11.638357159104826	23.745866214064495	46.86827439589859	17.747502230932092
3	13.608904481111441	32.88536071109867	36.356647302759356	17.149087505030533
4	9.500380570768666	21.289763083760562	49.55807859879967	19.651777746671097
5	8.782982799951007	41.05330615387307	41.36268394253818	8.801027103637733
6	19.49014452940456	48.99367465136218	22.173387167328656	9.342793651904604
7	18.11648090147154	37.52799601056849	30.89611292890763	13.459410159052334
8	17.530533149026265	43.15945915207083	25.485118370632186	13.82488932827072
9	20.28978058126717	20.073358296442755	30.023424786967855	29.61343633532222
10-14	18.47343003621984	28.76988154188028	34.66433220766041	18.092356214239473
15-19	16.629630277685433	34.8414725901559	32.09823537645885	16.430661755699813
20-24	16.63417962940281	33.34410159052335	33.502191562702315	16.519527217371525
25-29	16.843581039701842	33.34911025178912	33.133759689244286	16.673549019264755
30-34	16.766832601354306	33.374897202148695	33.15405679690644	16.704213399590557
35-39	16.790179664963688	33.355695963464925	33.15802550391507	16.69609886765632
40-44	16.85403319774247	33.25321246241991	33.110887270640404	16.781867069197215
45-49	16.869474401968304	33.26206243624149	33.08378882138145	16.784674340408753
50-54	16.817718026825464	33.19051705290651	33.17206957552602	16.81969534474201
55-59	16.875959292588046	33.07261330731133	33.0998609664897	16.95156643361093
60-64	16.868493483205896	33.19296311061335	33.11081371201742	16.82772969416334
65-69	16.80735156473787	33.12510192723669	33.11570943459531	16.951837073430134
70-74	16.83889716727234	33.0718911080025	33.12988466860279	16.959327056122373
75-79	16.909161769227623	33.16347426942418	32.99606664661969	16.931297314728507
80-84	16.834352706361283	33.13089144912357	33.09107167559235	16.94368416892279
85-89	16.85406144103386	33.08327997059682	33.05099709378327	17.01166149458605
90-94	16.96908099353785	33.110912751935	32.9789877917636	16.94101846276356
95-99	16.837227474358734	33.125297342982975	33.06164268875133	16.97583249390696
100-104	16.896011857637248	33.04657322214064	33.01468667916422	17.04272824105789
105-109	16.980588563744252	33.07915172454808	32.9726085352369	16.967651176470756
110-114	16.79282854038455	33.07749929818488	33.12302637224856	17.006645789182013
115-119	16.895270920552427	33.025840912371876	33.027705596458304	17.05118257061739
120-124	16.952368090890083	33.150627557777135	32.923850431648226	16.973153919684552
125-129	16.857143685927735	33.05059644194364	33.02858299472483	17.063676877403793
130-134	16.926180455643703	33.01985461704945	32.926990180086854	17.126974747219997
135-139	16.980380046699157	32.99679718793031	32.92470705585633	17.0981157095142
140-144	16.820297129574257	33.01333030303793	33.03497869503349	17.13139387235432
145-149	16.941084829585407	32.949783959411036	32.91692323548182	17.192207975521747
150-154	16.909526454443622	33.062934610933034	32.95735576579959	17.070183168823753
155-159	16.831707501817075	32.99141986420695	33.06482805079105	17.112044583184932
160-164	16.896359589395207	33.00859145442694	32.8843433584411	17.21070559773674
165-169	16.90419901030849	32.99051465872871	32.95022740977353	17.155058921189266
170-174	16.860294081097116	33.035477446838506	32.931316758302465	17.17291171376191
175-179	16.963555040016818	33.034286454344794	32.79656928990796	17.205589215730438
180-184	16.851893345283443	33.00441309705891	32.94810470632933	17.195588851328313
185-189	16.809154706960864	33.017386356451915	32.932515647720805	17.240943288866408
190-194	16.916477092850307	32.90273432557485	32.88929396638125	17.291494615193592
195-199	16.919391108050867	32.90656349960342	32.959512520373394	17.214532871972317
200-204	16.819532630308153	33.13971692855843	32.870345773992746	17.170404667140676
205-209	16.777315357561548	32.96324736225088	32.89026963657678	17.369167643610787
210-214	16.78552651173251	33.0055950134177	32.97982330576855	17.229055169081246
215-219	16.731513832732112	33.08068558238341	32.97346096129204	17.21433962359244
220-224	16.767022585794354	33.03564958233092	32.91591451412306	17.28141331775167
225-229	16.7993150258759	32.9917705715422	32.9329986013759	17.27591580120601
230-234	16.670192244382772	33.15756810785746	32.82926911271716	17.34297053504261
235-239	16.7289350332972	32.8801626977078	32.95890142795515	17.432000841039844
240-244	16.631197743996424	33.112315420276715	32.89094732039543	17.36553951533143
245-249	16.63114168318358	33.27396068014903	32.94069014481426	17.15420749185313
250-251	18.521867061467628	38.20373310029541	36.09244664260364	7.181953195633328
>>END_MODULE
>>Per sequence GC content	pass
#GC Content	Count
0	1616.0
1	808.0
2	0.0
3	0.0
4	0.0
5	0.0
6	0.0
7	1.5
8	4.333333333333333
9	7.833333333333333
10	12.333333333333334
11	20.833333333333336
12	43.333333333333336
13	84.0
14	155.0
15	268.1666666666667
16	465.9999999999998
17	742.0000000000003
18	1192.3333333333333
19	1962.999999999995
20	3008.1666666666824
21	4419.000000000026
22	6345.166666666549
23	9169.833333333205
24	12758.333333333914
25	17048.000000001342
26	22024.999999998832
27	27624.3333333286
28	33665.83333332527
29	40127.5000000011
30	45927.0000000112
31	51180.33333335504
32	55555.50000003112
33	58046.50000003786
34	58605.33333337297
35	57391.66666670321
36	54131.50000002946
37	48937.00000001833
38	42647.66666667234
39	35801.99999999384
40	29293.499999992815
41	23278.999999997643
42	17969.83333333421
43	13515.833333334156
44	9863.833333333334
45	7151.833333333145
46	5195.666666666653
47	3909.666666666738
48	3194.666666666717
49	2533.5000000000045
50	2033.9999999999654
51	1664.9999999999798
52	1264.499999999998
53	931.6666666666767
54	755.3333333333366
55	609.0
56	452.1666666666656
57	366.9999999999997
58	304.3333333333332
59	205.83333333333354
60	138.8333333333333
61	90.33333333333333
62	53.33333333333334
63	26.83333333333333
64	11.333333333333334
65	6.833333333333333
66	4.0
67	2.833333333333333
68	1.8333333333333333
69	1.8333333333333333
70	1.8333333333333333
71	2.333333333333333
72	1.0
73	0.3333333333333333
74	0.0
75	0.3333333333333333
76	0.8333333333333333
77	0.8333333333333333
78	0.3333333333333333
79	0.0
80	0.6666666666666666
81	0.6666666666666666
82	0.8333333333333333
83	0.5
84	0.0
85	0.0
86	0.0
87	0.0
88	0.0
89	0.0
90	0.3333333333333333
91	0.3333333333333333
92	0.0
93	0.0
94	0.0
95	0.0
96	0.0
97	0.0
98	0.0
99	0.0
100	0.0
>>END_MODULE
>>Per base N content	pass
#Base	N-Count
1	0.17641305107245162
2	0.17641305107245162
3	0.17641305107245162
4	0.17641305107245162
5	0.17641305107245162
6	0.17641305107245162
7	0.17641305107245162
8	0.17641305107245162
9	0.17641305107245162
10-14	0.17641305107245162
15-19	0.17641305107245162
20-24	0.17641305107245162
25-29	0.17641305107245162
30-34	0.17641305107245162
35-39	0.03539374888573207
40-44	0.0
45-49	0.0
50-54	0.0
55-59	0.0
60-64	0.0
65-69	0.0
70-74	0.0
75-79	0.0
80-84	0.0
85-89	0.0
90-94	0.0
95-99	0.0
100-104	0.0
105-109	0.0
110-114	0.0
115-119	0.0
120-124	0.0
125-129	0.0
130-134	0.0
135-139	0.0
140-144	0.0
145-149	0.0
150-154	0.0
155-159	0.0
160-164	0.0
165-169	0.0
170-174	0.0
175-179	0.0
180-184	0.0
185-189	0.0
190-194	5.2501375536039044E-5
195-199	0.0
200-204	5.651930388564562E-5
205-209	0.0
210-214	0.0
215-219	0.0
220-224	6.52862541097697E-5
225-229	0.0
230-234	0.0
235-239	0.0
240-244	7.503997754803872E-5
245-249	7.784869794160257E-5
250-251	0.0
>>END_MODULE
>>Sequence Length Distribution	warn
#Length	Count
35-39	6518.0
40-44	6902.0
45-49	8704.0
50-54	9652.0
55-59	11005.0
60-64	12122.0
65-69	13364.0
70-74	14830.0
75-79	16112.0
80-84	17899.0
85-89	18457.0
90-94	19915.0
95-99	20509.0
100-104	21741.0
105-109	21870.0
110-114	22492.0
115-119	22249.0
120-124	22396.0
125-129	21824.0
130-134	21817.0
135-139	21246.0
140-144	20551.0
145-149	20463.0
150-154	19364.0
155-159	18939.0
160-164	18419.0
165-169	17313.0
170-174	16708.0
175-179	15938.0
180-184	15249.0
185-189	14913.0
190-194	14035.0
195-199	13401.0
200-204	12978.0
205-209	12333.0
210-214	11843.0
215-219	11257.0
220-224	10836.0
225-229	10393.0
230-234	9727.0
235-239	9578.0
240-244	8979.0
245-249	24511.0
250-252	236680.0
>>END_MODULE
>>Sequence Duplication Levels	pass
#Total Deduplicated Percentage	72.56097934963994
#Duplication Level	Percentage of total
1	55.57722378046328
2	22.34228118244224
3	10.518052120112612
4	5.160050671651974
5	2.634159806216635
6	1.423936049979216
7	0.8079088799542986
8	0.44085482108793966
9	0.28268165936304746
>10	0.6365667021999621
>50	0.0
>100	0.0
>500	0.0
>1k	0.17628432652884016
>5k	0.0
>10k+	0.0
>>END_MODULE
>>Overrepresented sequences	warn
#Sequence	Count	Percentage	Possible Source
NNNNNNNNNNNNNNNNNNNNNNNNNNNNNNNNNNN	1616	0.17641305107245162	No Hit
>>END_MODULE
>>Adapter Content	pass
#Position	Illumina Universal Adapter	Illumina Small RNA 3' Adapter	Illumina Small RNA 5' Adapter	Nextera Transposase Sequence	PolyA	PolyG
1	0.0	0.0	0.0	0.0	0.0	0.002401662824006148
2	0.0	0.0	0.0	0.0	0.0	0.002401662824006148
3	0.0	0.0	0.0	0.0	0.0	0.002401662824006148
4	0.0	0.0	0.0	0.0	0.0	0.002401662824006148
5	0.0	0.0	0.0	0.0	0.0	0.002401662824006148
6	0.0	0.0	0.0	0.0	0.0	0.0025108293160064276
7	0.0	0.0	0.0	0.0	0.0	0.0025108293160064276
8	0.0	0.0	0.0	0.0	0.0	0.0025108293160064276
9	0.0	0.0	0.0	0.0	0.0	0.0025108293160064276
10-14	0.0	0.0	0.0	0.0	0.0	0.0025108293160064276
15-19	0.0	0.0	0.0	0.0	0.0	0.0025108293160064276
20-24	0.0	0.0	0.0	0.0	0.0	0.0025108293160064276
25-29	0.0	0.0	0.0	0.0	0.0	0.0025108293160064276
30-34	0.0	0.0	0.0	1.5283308880039125E-4	1.0916649200027948E-4	0.0025544959128065395
35-39	0.0	0.0	0.0	7.204988472018445E-4	3.056661776007825E-4	0.002619995808006707
40-44	0.0	0.0	0.0	0.002576329211206595	3.274994760008384E-4	0.002619995808006707
45-49	0.0	0.0	0.0	0.00414832669601062	3.274994760008384E-4	0.002619995808006707
50-54	0.0	0.0	0.0	0.006135156850415706	3.711660728009502E-4	0.002619995808006707
55-59	0.0	0.0	0.0	0.008580486271221965	6.331656536016208E-4	0.002619995808006707
60-64	0.0	0.0	0.0	0.010720149514427443	6.549989520016768E-4	0.002619995808006707
65-69	0.0	0.0	0.0	0.012728812967232583	6.768322504017326E-4	0.002619995808006707
70-74	0.0	0.0	0.0	0.014955809404038286	7.859987424020121E-4	0.002619995808006707
75-79	0.0	0.0	0.0	0.017881471389645777	8.733319360022358E-4	0.002619995808006707
80-84	0.0	0.0	0.0	0.02172413190805561	8.733319360022358E-4	0.002619995808006707
85-89	0.0	0.0	0.0	0.02582879200726612	8.733319360022358E-4	0.002619995808006707
90-94	0.0	0.0	0.0	0.030108118493677078	9.388318312024035E-4	0.002619995808006707
95-99	0.0	0.0	0.0	0.0348459442464892	0.0010479983232026828	0.002619995808006707
100-104	0.0	0.0	0.0	0.0396492698945015	0.0014628309928037448	0.002619995808006707
105-109	0.0	0.0	0.0	0.04497659470411514	0.0026636624048068194	0.002619995808006707
110-114	0.0	0.0	0.0	0.050456752602529166	0.004170159994410677	0.002619995808006707
115-119	0.0	0.0	0.0	0.05617707678334381	0.005807657374414868	0.002619995808006707
120-124	0.0	0.0	0.0	0.06156990148815762	0.007750820932019842	0.002619995808006707
125-129	0.0	0.0	0.0	0.0666788933137707	0.009868650876825263	0.002619995808006707
130-134	0.0	0.0	0.0	0.07353454901138826	0.012532313281632082	0.002619995808006707
135-139	0.0	0.0	0.0	0.08025920491860547	0.014693809823237616	0.002641829106406763
140-144	0.0	0.0	0.0	0.08523719695381822	0.017139139244043877	0.0027291623000069865
145-149	0.0	0.0	0.0	0.09087018794103263	0.020130301124851535	0.0027291623000069865
150-154	0.0	0.0	0.0	0.09674334521064767	0.02412579473206176	0.0027291623000069865
155-159	0.0	0.0	0.0	0.10235450289946202	0.027553622580870536	0.0027291623000069865
160-164	0.0	0.0	0.0	0.10656832949067281	0.031483616292880594	0.0027291623000069865
165-169	0.0	0.0	0.0	0.11095682246908405	0.036286941940892894	0.0027291623000069865
170-174	0.0	0.0	0.0	0.11530164885069516	0.04216009921050793	0.0027291623000069865
175-179	0.0	0.0	0.0	0.12082547334590932	0.046897924963320056	0.0027291623000069865
180-184	0.0	0.0	0.0	0.12597813176832248	0.05205058338573325	0.0027291623000069865
185-189	0.0	0.0	0.0	0.1309779571019353	0.057399741493746936	0.0027291623000069865
190-194	0.0	0.0	0.0	0.1353882833787466	0.06250873331936002	0.0027291623000069865
195-199	0.0	0.0	0.0	0.14060644169635997	0.06807622441137426	0.0027291623000069865
200-204	0.0	0.0	0.0	0.14425260252916927	0.0744515475441906	0.002838328792007266
205-209	0.0	0.0	0.0	0.14770226367637812	0.0816783693146091	0.002838328792007266
210-214	0.0	0.0	0.0	0.1512829246139873	0.08903619087542793	0.002838328792007266
215-219	0.0	0.0	0.0	0.15527841822119753	0.09580451337944526	0.002838328792007266
220-224	0.0	0.0	0.0	0.1588372458604066	0.10213616991546146	0.002838328792007266
225-229	0.0	0.0	0.0	0.16294190595961713	0.1074634947250751	0.002838328792007266
230-234	0.0	0.0	0.0	0.16728673234122823	0.11246332005868791	0.002838328792007266
235-239	0.0	0.0	0.0	0.1701687277300356	0.11894780968350449	0.002838328792007266
240	0.0	0.0	0.0	0.17051806050443652	0.1239039684203172	0.002838328792007266
>>END_MODULE
