##FastQC	0.12.1
>>Basic Statistics	pass
#Measure	Value
Filename	ERR13347009_2.gz
File type	Conventional base calls
Encoding	Sanger / Illumina 1.9
Total Sequences	580631
Total Bases	105.4 Mbp
Sequences flagged as poor quality	0
Sequence length	35-251
%GC	33
>>END_MODULE
>>Per base sequence quality	pass
#Base	Mean	Median	Lower Quartile	Upper Quartile	10th Percentile	90th Percentile
1	33.0063052093326	34.0	34.0	34.0	32.0	34.0
2	33.04535410613626	34.0	34.0	34.0	32.0	34.0
3	33.141566674876124	34.0	34.0	34.0	33.0	34.0
4	33.12774378219558	34.0	34.0	34.0	33.0	34.0
5	33.18341252878334	34.0	34.0	34.0	34.0	34.0
6	36.78768443297034	38.0	37.0	38.0	35.0	38.0
7	36.812464370658816	38.0	38.0	38.0	35.0	38.0
8	36.58091283448524	38.0	37.0	38.0	34.0	38.0
9	36.72431888755509	38.0	38.0	38.0	35.0	38.0
10-14	36.49324062959091	38.0	37.2	38.0	34.2	38.0
15-19	36.46244861194115	38.0	37.0	38.0	34.0	38.0
20-24	36.66975514569494	38.0	37.4	38.0	34.4	38.0
25-29	36.597451737850726	38.0	37.4	38.0	34.0	38.0
30-34	36.52731493840322	38.0	37.0	38.0	34.0	38.0
35-39	36.45198201521886	38.0	37.0	38.0	34.0	38.0
40-44	36.393762709046655	38.0	37.0	38.0	34.0	38.0
45-49	36.601916418351905	38.0	37.0	38.0	34.0	38.0
50-54	36.65033163475859	38.0	37.0	38.0	34.2	38.0
55-59	36.51657613224863	38.0	37.0	38.0	34.0	38.0
60-64	36.477058433613436	38.0	37.0	38.0	34.0	38.0
65-69	36.378409307318556	38.0	37.0	38.0	34.0	38.0
70-74	36.32853379635777	38.0	37.0	38.0	33.8	38.0
75-79	36.25000919365256	38.0	37.0	38.0	33.6	38.0
80-84	36.08588230994098	38.0	37.0	38.0	33.0	38.0
85-89	36.16562320698307	38.0	37.0	38.0	32.8	38.0
90-94	36.1122922629369	38.0	37.0	38.0	32.4	38.0
95-99	36.104691089906375	38.0	37.0	38.0	32.4	38.0
100-104	35.98269572483419	38.0	37.0	38.0	32.0	38.0
105-109	35.71136125675975	38.0	37.0	38.0	31.0	38.0
110-114	35.57151630054112	38.0	36.6	38.0	29.8	38.0
115-119	35.58731795044589	38.0	36.8	38.0	30.2	38.0
120-124	35.630420855285706	38.0	37.0	38.0	30.2	38.0
125-129	35.620581927562874	38.0	37.0	38.0	30.2	38.0
130-134	35.4695316689017	38.0	36.8	38.0	29.2	38.0
135-139	35.37566524725128	38.0	36.0	38.0	28.6	38.0
140-144	35.33476355124442	38.0	36.0	38.0	28.4	38.0
145-149	35.14539759944306	38.0	36.0	38.0	27.6	38.0
150-154	34.85235592543172	38.0	35.4	38.0	26.0	38.0
155-159	34.73352262988724	38.0	35.4	38.0	26.0	38.0
160-164	34.51738951877126	37.8	34.8	38.0	25.6	38.0
165-169	34.47899869612401	37.8	34.8	38.0	25.4	38.0
170-174	34.084388241251936	37.4	34.2	38.0	24.0	38.0
175-179	34.125678026286366	37.6	34.6	38.0	23.2	38.0
180-184	34.408728907640054	38.0	35.0	38.0	23.6	38.0
185-189	34.01988989144219	37.2	34.4	38.0	23.0	38.0
190-194	33.514126096734124	37.0	33.4	38.0	22.2	38.0
195-199	32.93019360702808	37.0	31.6	38.0	20.8	38.0
200-204	32.80998460283521	37.0	31.4	37.6	20.2	38.0
205-209	33.133944449865844	37.0	33.0	37.8	21.0	38.0
210-214	32.680154032729824	37.0	31.4	37.2	20.4	37.8
215-219	32.274530766591056	37.0	30.4	37.0	20.0	37.4
220-224	31.928754124295534	36.6	29.8	37.0	18.8	37.6
225-229	31.26201788587631	35.8	28.2	37.0	17.0	37.2
230-234	30.541320842661616	34.8	26.4	37.0	15.0	37.2
235-239	30.105253410054672	34.4	25.6	37.0	14.8	37.0
240-244	29.379313507414516	33.4	24.0	37.0	12.0	37.0
245-249	28.89420339719657	32.8	23.4	36.8	10.2	37.0
250-251	25.22958876381604	27.0	16.5	34.0	9.5	36.5
>>END_MODULE
>>Per sequence quality scores	pass
#Quality	Count
2	585.0
3	0.0
4	0.0
5	0.0
6	0.0
7	0.0
8	0.0
9	0.0
10	0.0
11	0.0
12	2.0
13	30.0
14	48.0
15	96.0
16	106.0
17	179.0
18	373.0
19	664.0
20	1012.0
21	1527.0
22	2131.0
23	2629.0
24	3310.0
25	3925.0
26	4963.0
27	6158.0
28	7634.0
29	9524.0
30	11866.0
31	14801.0
32	18961.0
33	24188.0
34	33201.0
35	49017.0
36	91376.0
37	292325.0
>>END_MODULE
>>Per base sequence content	fail
#Base	G	A	T	C
1	32.854980467066405	29.989173272464598	16.529378704447577	20.626467556021417
2	11.082914113708222	24.020508718274066	47.4257214083021	17.470855759715608
3	12.864669353809871	33.685604245180556	36.81001161976808	16.639714781241487
4	9.014457474062402	21.958430883067894	50.239636166786774	18.787475476082932
5	8.63207400792351	40.99933453553683	41.614975364022854	8.7536160925168
6	18.726445833606302	49.270575092320264	22.85249790533854	9.150481168734894
7	17.47861376511518	37.86216955207001	31.663868038052158	12.995348644762656
8	17.4075849156791	42.84849822255477	25.991042089765294	13.752874772000842
9	20.379418184075057	20.230809280643257	30.269840667809106	29.11993186747258
10-14	18.333821800339972	28.76471866024419	35.17489992173034	17.726559617685496
15-19	16.574202735645105	34.670767490854175	32.41639456181061	16.338635211690107
20-24	16.613820283218917	33.12599345569144	33.742185964561436	16.518000296528207
25-29	16.859490454205357	33.2356399320054	33.20233222882323	16.70253738496602
30-34	16.76939415149833	33.1792650927685	33.354802894942814	16.69653786079035
35-39	16.75894195907119	33.147137440941506	33.32338094830467	16.770539651682633
40-44	16.848489469434153	33.08736020184306	33.2534717769745	16.81067855174828
45-49	16.89713256305477	33.093393372892194	33.20095186478839	16.808522199264644
50-54	16.82904188803962	33.091067539959305	33.245835804717856	16.834054767283217
55-59	16.907323709875737	32.913291096118904	33.198634109627776	16.980751084377584
60-64	16.898703604626284	33.07379796251741	33.15157670140547	16.875921731450838
65-69	16.834179157662422	33.049472102165616	33.17232257804957	16.944026162122398
70-74	16.854833322199212	33.021178551615364	33.164518265284485	16.95946986090093
75-79	16.89953920301706	33.03452505135787	33.17888924448181	16.887046501143267
80-84	16.795076339901517	32.97976127460275	33.2881977957219	16.93696458977384
85-89	16.872601631826168	32.96086195872831	33.15025482395992	17.0162815854856
90-94	16.919593082713703	33.026697218783404	33.121852196446014	16.931857502056886
95-99	16.77877607542399	33.110315501566895	33.12366994091933	16.98723848208978
100-104	16.842912042748047	32.92353935720488	33.15630872931099	17.077239870736076
105-109	16.839685057641248	32.91431984387696	33.21136050833948	17.034634590142304
110-114	16.82859089329395	32.99059569518962	33.17151365938994	17.0092997521265
115-119	16.78669841963078	32.87088181402035	33.25120521547154	17.091214550877318
120-124	16.86208819425924	32.950189881927166	33.159710206897465	17.028011716916133
125-129	16.815615134942867	32.98230856968638	33.140240223073356	17.0618360722974
130-134	16.849416519677128	32.85250037964185	33.17775415561812	17.120328945062905
135-139	16.879901784754562	32.868703627206244	33.16702231292661	17.084372275112585
140-144	16.78174285921942	32.937444681289556	33.17161270281868	17.109199756672343
145-149	16.81013422055131	32.779336965201715	33.18886178974808	17.221667024498892
150-154	16.853003327326253	32.821613135483105	33.18874801361605	17.136635523574597
155-159	16.760596460623916	32.76850486777236	33.27799727197445	17.192901399629278
160-164	16.801662672566817	32.74149073970425	33.15852959251043	17.298316995218503
165-169	16.867554081466455	32.73689977345751	33.19596665531486	17.19957948976117
170-174	16.72362307898809	32.810087888771285	33.2961268615778	17.17016217066283
175-179	16.877899191889078	32.68211798190127	33.12254671513039	17.31743611107926
180-184	16.850700995080086	32.83566117602296	33.05318631725246	17.260451511644497
185-189	16.73119959971075	32.69903937434242	33.20968233895041	17.360078686996424
190-194	16.746578898334857	32.690598139853755	33.08764648402775	17.47517647778364
195-199	16.87350423314929	32.61354548754253	33.169801075919295	17.34314920338888
200-204	16.691864697673388	32.743916302220214	33.12307330751524	17.441145692591167
205-209	16.775145767965345	32.63400172762033	33.048201877516796	17.542650626897522
210-214	16.773556980759743	32.713295387065926	33.031536692052946	17.481610940121385
215-219	16.625620604496554	32.792100698153355	33.15647351375371	17.42580518359639
220-224	16.7601207987757	32.649273912819886	32.99232328391082	17.5982820044936
225-229	16.673806525156508	32.60601770562333	33.129464326754245	17.590711442465917
230-234	16.541410677715866	32.68666952421774	33.15483164261561	17.617088155450777
235-239	16.564826503248653	32.70890228772716	32.99670643877894	17.729564770245236
240-244	16.5657875627213	32.596564723883084	33.10979014828103	17.72785756511458
245-249	16.56169855307342	32.743475466310855	33.01096915019314	17.68385683042258
250-251	17.379218430196584	37.199295540006666	38.23059958430514	7.190886445491615
>>END_MODULE
>>Per sequence GC content	pass
#GC Content	Count
0	585.0
1	292.5
2	0.0
3	0.0
4	0.0
5	0.0
6	0.0
7	0.0
8	1.0
9	4.0
10	8.5
11	11.0
12	18.0
13	35.5
14	59.5
15	110.33333333333331
16	202.33333333333337
17	321.33333333333337
18	518.4999999999991
19	867.1666666666686
20	1422.999999999995
21	2240.6666666666556
22	3301.6666666667247
23	4691.83333333336
24	6597.499999999706
25	9154.833333333052
26	12244.333333334256
27	15818.833333335748
28	19954.99999999985
29	24125.49999999594
30	27754.8333333252
31	31019.499999987616
32	33795.83333332033
33	35476.33333332412
34	35760.16666665772
35	34786.16666665533
36	32844.666666651116
37	29713.166666654928
38	25616.999999993175
39	21433.83333333145
40	17308.166666668883
41	13467.500000001533
42	10222.833333333481
43	7479.833333332929
44	5474.833333333257
45	3965.6666666667584
46	2786.333333333349
47	2083.999999999975
48	1608.9999999999834
49	1235.1666666666663
50	964.50000000001
51	772.0000000000053
52	576.9999999999995
53	436.3333333333312
54	341.8333333333326
55	264.0000000000006
56	191.00000000000028
57	152.16666666666663
58	126.16666666666647
59	86.16666666666661
60	60.33333333333337
61	34.66666666666666
62	18.000000000000004
63	11.666666666666671
64	7.166666666666664
65	3.5000000000000004
66	4.666666666666667
67	4.5
68	2.6666666666666665
69	1.4999999999999998
70	2.6666666666666665
71	3.5
72	2.1666666666666665
73	1.6666666666666665
74	1.0
75	1.3333333333333333
76	1.0
77	0.0
78	0.6666666666666666
79	0.0
80	0.3333333333333333
81	1.0
82	0.6666666666666666
83	0.6666666666666666
84	0.3333333333333333
85	0.3333333333333333
86	0.6666666666666666
87	1.0
88	1.3333333333333333
89	0.6666666666666666
90	0.3333333333333333
91	0.6666666666666666
92	0.3333333333333333
93	0.3333333333333333
94	0.0
95	0.3333333333333333
96	1.0
97	0.6666666666666666
98	0.3333333333333333
99	1.0
100	0.5
>>END_MODULE
>>Per base N content	pass
#Base	N-Count
1	0.10075245724048493
2	0.10075245724048493
3	0.10075245724048493
4	0.10075245724048493
5	0.10075245724048493
6	0.10075245724048493
7	0.10075245724048493
8	0.10075245724048493
9	0.10075245724048493
10-14	0.10075245724048493
15-19	0.10075245724048493
20-24	0.10075245724048493
25-29	0.10075245724048493
30-34	0.10075245724048493
35-39	0.02018833473156244
40-44	0.0
45-49	0.0
50-54	0.0
55-59	0.0
60-64	0.0
65-69	0.0
70-74	0.0
75-79	0.0
80-84	0.0
85-89	0.0
90-94	0.0
95-99	0.0
100-104	0.0
105-109	0.0
110-114	0.0
115-119	0.0
120-124	0.0
125-129	0.0
130-134	0.0
135-139	0.0
140-144	0.0
145-149	0.0
150-154	0.0
155-159	0.0
160-164	0.0
165-169	0.0
170-174	0.0
175-179	0.0
180-184	0.0
185-189	0.0
190-194	0.0
195-199	0.0
200-204	0.0
205-209	0.0
210-214	0.0
215-219	0.0
220-224	0.0
225-229	0.0
230-234	0.0
235-239	0.0
240-244	0.0
245-249	0.0
250-251	0.0
>>END_MODULE
>>Sequence Length Distribution	warn
#Length	Count
35-39	2507.0
40-44	2652.0
45-49	3388.0
50-54	3833.0
55-59	4432.0
60-64	4956.0
65-69	5523.0
70-74	6314.0
75-79	6971.0
80-84	7835.0
85-89	8317.0
90-94	9352.0
95-99	9722.0
100-104	10904.0
105-109	10999.0
110-114	11879.0
115-119	12150.0
120-124	12980.0
125-129	12774.0
130-134	12927.0
135-139	13228.0
140-144	13193.0
145-149	13143.0
150-154	12751.0
155-159	12729.0
160-164	12448.0
165-169	12402.0
170-174	11750.0
175-179	11376.0
180-184	11042.0
185-189	10801.0
190-194	10165.0
195-199	10129.0
200-204	9483.0
205-209	9168.0
210-214	8854.0
215-219	8653.0
220-224	8213.0
225-229	7740.0
230-234	7453.0
235-239	7145.0
240-244	6761.0
245-249	18693.0
250-252	172896.0
>>END_MODULE
>>Sequence Duplication Levels	pass
#Total Deduplicated Percentage	81.43560658739128
#Duplication Level	Percentage of total
1	68.01032870477418
2	19.998334971576384
3	7.2076582252238355
4	2.6677540745860333
5	1.1196394101345832
6	0.4776309245012336
7	0.21179723369577066
8	0.09863490572570902
9	0.03721606197184844
>10	0.07028047919504715
>50	0.0
>100	0.0
>500	0.10072500861540816
>1k	0.0
>5k	0.0
>10k+	0.0
>>END_MODULE
>>Overrepresented sequences	warn
#Sequence	Count	Percentage	Possible Source
NNNNNNNNNNNNNNNNNNNNNNNNNNNNNNNNNNN	585	0.10075245724048493	No Hit
>>END_MODULE
>>Adapter Content	pass
#Position	Illumina Universal Adapter	Illumina Small RNA 3' Adapter	Illumina Small RNA 5' Adapter	Nextera Transposase Sequence	PolyA	PolyG
1	0.0	0.0	0.0	0.0	0.0	0.0
2	0.0	0.0	0.0	0.0	0.0	0.0
3	0.0	0.0	0.0	0.0	0.0	0.0
4	0.0	0.0	0.0	0.0	0.0	0.0
5	0.0	0.0	0.0	0.0	0.0	0.0
6	0.0	0.0	0.0	0.0	0.0	0.0
7	0.0	0.0	0.0	0.0	0.0	0.0
8	0.0	0.0	0.0	0.0	0.0	0.0
9	0.0	0.0	0.0	0.0	0.0	0.0
10-14	0.0	0.0	0.0	0.0	0.0	2.0667170715996905E-4
15-19	0.0	0.0	0.0	0.0	1.0333585357998453E-4	0.001481147234646445
20-24	0.0	0.0	0.0	0.0	1.7222642263330757E-4	0.00182560007991306
25-29	0.0	0.0	0.0	0.0	1.7222642263330757E-4	0.0018944906489663832
30-34	0.0	0.0	0.0	1.3778113810664606E-4	1.7222642263330757E-4	0.0019978265025463677
35-39	0.0	0.0	0.0	5.166792678999227E-4	1.7222642263330757E-4	0.0020667170715996906
40-44	0.0	0.0	0.0	9.989132512731838E-4	1.7222642263330757E-4	0.0020667170715996906
45-49	0.0	0.0	0.0	0.0017567095108597373	1.7222642263330757E-4	0.002204498209706337
50-54	0.0	0.0	0.0	0.002755622762132921	1.7222642263330757E-4	0.002480060485919629
55-59	0.0	0.0	0.0	0.004408996419412674	2.411169916866306E-4	0.0025833963394996133
60-64	0.0	0.0	0.0	0.0064412682064857035	3.4445284526661514E-4	0.0025833963394996133
65-69	0.0	0.0	0.0	0.008370204139978746	3.4445284526661514E-4	0.0025833963394996133
70-74	0.0	0.0	0.0	0.010850264625898377	3.4445284526661514E-4	0.0026522869085529367
75-79	0.0	0.0	0.0	0.01322698925823802	3.4445284526661514E-4	0.002755622762132921
80-84	0.0	0.0	0.0	0.016051502589424265	3.4445284526661514E-4	0.002755622762132921
85-89	0.0	0.0	0.0	0.01963381218019706	3.4445284526661514E-4	0.002755622762132921
90-94	0.0	0.0	0.0	0.024077253884136396	3.4445284526661514E-4	0.002755622762132921
95-99	0.0	0.0	0.0	0.028934039002395672	3.4445284526661514E-4	0.002755622762132921
100-104	0.0	0.0	0.0	0.03544419777793469	4.477886988465997E-4	0.002755622762132921
105-109	0.0	0.0	0.0	0.039543186636607414	5.511245524265842E-4	0.002755622762132921
110-114	0.0	0.0	0.0	0.0447444246001333	9.989132512731838E-4	0.002755622762132921
115-119	0.0	0.0	0.0	0.05077234939229906	0.0014467019501197835	0.002755622762132921
120-124	0.0	0.0	0.0	0.05735139873689142	0.0019289359334930447	0.002755622762132921
125-129	0.0	0.0	0.0	0.06310376125284389	0.003065630322872875	0.002755622762132921
130-134	0.0	0.0	0.0	0.071232848401136	0.0037889812979327664	0.002755622762132921
135-139	0.0	0.0	0.0	0.07798412416836167	0.004340105850359351	0.002755622762132921
140-144	0.0	0.0	0.0	0.0861132113166538	0.00547680023973918	0.002858958615712905
145-149	0.0	0.0	0.0	0.09517232114716576	0.006406822921959041	0.003031185038346213
150-154	0.0	0.0	0.0	0.10395586870146445	0.007336845604178901	0.003237856745506182
155-159	0.0	0.0	0.0	0.11208495584975657	0.008921328692405332	0.0032723020300328433
160-164	0.0	0.0	0.0	0.12086850340405524	0.010126913650838485	0.0032723020300328433
165-169	0.0	0.0	0.0	0.1295142698202473	0.011676951454538252	0.0034100831681394897
170-174	0.0	0.0	0.0	0.13667888900179287	0.013399215680871329	0.003444528452666151
175-179	0.0	0.0	0.0	0.14584133468588484	0.015362596898891034	0.003444528452666151
180-184	0.0	0.0	0.0	0.1555204596378767	0.01715375169427743	0.003444528452666151
185-189	0.0	0.0	0.0	0.166990739385255	0.018807125351557187	0.0035823095907727967
190-194	0.0	0.0	0.0	0.1752576076716538	0.020804951854103554	0.0039267624360394115
195-199	0.0	0.0	0.0	0.18190554758529945	0.022492770795909965	0.003961207720566073
200-204	0.0	0.0	0.0	0.18889794034421173	0.02390502746150309	0.003961207720566073
205-209	0.0	0.0	0.0	0.1968892463543972	0.025489510549729522	0.003961207720566073
210-214	0.0	0.0	0.0	0.20515611464079594	0.02731511062964258	0.003961207720566073
215-219	0.0	0.0	0.0	0.2174875265013408	0.028968484286922336	0.004167879427726043
220-224	0.0	0.0	0.0	0.22878557982608574	0.030380740952515452	0.004477886988465996
225-229	0.0	0.0	0.0	0.24070364827231067	0.03196522404074188	0.004477886988465996
230-234	0.0	0.0	0.0	0.25158835818273567	0.033963050543288256	0.004477886988465996
235-239	0.0	0.0	0.0	0.26068191329777435	0.03589198647678129	0.004477886988465996
240	0.0	0.0	0.0	0.2617841624026275	0.03633977517562789	0.004477886988465996
>>END_MODULE
