##FastQC	0.12.1
>>Basic Statistics	pass
#Measure	Value
Filename	ERR13346994_2.gz
File type	Conventional base calls
Encoding	Sanger / Illumina 1.9
Total Sequences	475402
Total Bases	98 Mbp
Sequences flagged as poor quality	0
Sequence length	35-251
%GC	33
>>END_MODULE
>>Per base sequence quality	pass
#Base	Mean	Median	Lower Quartile	Upper Quartile	10th Percentile	90th Percentile
1	33.12861115434937	34.0	34.0	34.0	33.0	34.0
2	33.189309258269844	34.0	34.0	34.0	33.0	34.0
3	33.257386380368615	34.0	34.0	34.0	34.0	34.0
4	33.30047412505627	34.0	34.0	34.0	34.0	34.0
5	33.31048039343545	34.0	34.0	34.0	34.0	34.0
6	36.99736854283322	38.0	38.0	38.0	36.0	38.0
7	37.007904888915064	38.0	38.0	38.0	36.0	38.0
8	36.875905023537975	38.0	38.0	38.0	36.0	38.0
9	36.97608339889189	38.0	38.0	38.0	36.0	38.0
10-14	36.75533085683274	38.0	38.0	38.0	35.0	38.0
15-19	36.7092187243638	38.0	37.8	38.0	34.8	38.0
20-24	36.89019440389397	38.0	38.0	38.0	36.0	38.0
25-29	36.826963706505225	38.0	38.0	38.0	35.6	38.0
30-34	36.76612803480002	38.0	38.0	38.0	35.0	38.0
35-39	36.67990550910673	38.0	37.8	38.0	34.6	38.0
40-44	36.62868231497443	38.0	37.6	38.0	34.0	38.0
45-49	36.81031712075274	38.0	38.0	38.0	35.0	38.0
50-54	36.841184075853946	38.0	38.0	38.0	35.4	38.0
55-59	36.70799340285613	38.0	37.6	38.0	34.6	38.0
60-64	36.70527689955419	38.0	37.8	38.0	34.8	38.0
65-69	36.60469959586054	38.0	37.2	38.0	34.4	38.0
70-74	36.55539866193966	38.0	37.0	38.0	34.2	38.0
75-79	36.51412306658686	38.0	37.0	38.0	34.0	38.0
80-84	36.36482501325254	38.0	37.0	38.0	34.0	38.0
85-89	36.44087504343442	38.0	37.0	38.0	34.0	38.0
90-94	36.42571162290254	38.0	37.0	38.0	34.0	38.0
95-99	36.40325313345491	38.0	37.0	38.0	34.0	38.0
100-104	36.28433940264142	38.0	37.0	38.0	33.4	38.0
105-109	36.05735306530862	38.0	37.0	38.0	32.6	38.0
110-114	35.95687723094914	38.0	37.0	38.0	32.0	38.0
115-119	35.9547748614181	38.0	37.0	38.0	31.8	38.0
120-124	36.00046464874815	38.0	37.0	38.0	32.0	38.0
125-129	36.02802852900266	38.0	37.0	38.0	32.0	38.0
130-134	35.876381900626114	38.0	37.0	38.0	31.6	38.0
135-139	35.80986946523535	38.0	37.0	38.0	31.4	38.0
140-144	35.81197685377166	38.0	37.0	38.0	31.4	38.0
145-149	35.6250497914052	38.0	36.6	38.0	30.0	38.0
150-154	35.414683618356825	38.0	36.2	38.0	29.2	38.0
155-159	35.325511523652004	38.0	36.2	38.0	29.0	38.0
160-164	35.117410006700226	38.0	35.8	38.0	27.4	38.0
165-169	35.13555502662324	38.0	35.6	38.0	27.4	38.0
170-174	34.79497442527568	38.0	35.0	38.0	26.2	38.0
175-179	34.83407414845264	38.0	35.4	38.0	26.8	38.0
180-184	35.13037471456333	38.0	35.8	38.0	28.0	38.0
185-189	34.78832411987425	37.8	35.0	38.0	26.8	38.0
190-194	34.345392477900745	37.2	34.8	38.0	24.4	38.0
195-199	33.84625093592844	37.0	34.0	38.0	23.6	38.0
200-204	33.710613843514125	37.0	33.6	37.8	23.4	38.0
205-209	34.08659605946265	37.0	35.0	38.0	23.8	38.0
210-214	33.68016934333964	37.0	33.8	37.2	23.0	37.8
215-219	33.29419721427957	37.0	33.2	37.0	22.0	37.8
220-224	33.02298449794007	37.0	32.0	37.0	21.8	37.6
225-229	32.415486554523014	36.6	31.0	37.0	20.6	37.4
230-234	31.766241177629205	36.0	29.4	37.0	20.0	37.2
235-239	31.384574640875645	35.6	28.6	37.0	19.0	37.0
240-244	30.7395693276468	34.6	27.2	37.0	17.4	37.0
245-249	30.32547303100378	34.0	26.2	37.0	16.4	37.0
250-251	26.429609525403528	28.0	19.5	34.5	12.5	36.5
>>END_MODULE
>>Per sequence quality scores	pass
#Quality	Count
2	224.0
3	0.0
4	0.0
5	0.0
6	0.0
7	0.0
8	0.0
9	0.0
10	0.0
11	0.0
12	7.0
13	40.0
14	158.0
15	273.0
16	338.0
17	391.0
18	429.0
19	524.0
20	690.0
21	867.0
22	1151.0
23	1499.0
24	1949.0
25	2558.0
26	3257.0
27	4200.0
28	5195.0
29	6619.0
30	8633.0
31	11127.0
32	14278.0
33	19056.0
34	26541.0
35	40762.0
36	79971.0
37	244665.0
>>END_MODULE
>>Per base sequence content	fail
#Base	G	A	T	C
1	32.64608209976051	29.605116398486466	17.070234733089496	20.67856676866353
2	11.271355155331266	23.504034277681203	47.37277399206192	17.851836574925606
3	13.08435996616005	33.00826216701952	36.7169776378536	17.19040022896683
4	9.114900100593882	22.02816628715976	49.73546755110716	19.121466061139195
5	8.600566524544487	41.09260108843423	41.51812583915922	8.788706547862065
6	18.919436505898844	48.891152368165194	22.837126297934667	9.352284828001297
7	17.985470707818966	37.46048849062878	31.18852303768272	13.365517763869539
8	18.06333626556785	42.30856647403709	25.549583524489773	14.078513735905283
9	20.27766436998346	20.404564184368805	29.848393654588385	29.469377791059348
10-14	18.37585073383027	28.65557748885681	35.01652012508997	17.952051652222956
15-19	16.555690709586724	34.6633892983261	32.33651389584535	16.444406096241828
20-24	16.585910963891425	33.087053693563256	33.786033865204196	16.541001477341123
25-29	16.822243454031963	33.136087950199716	33.26791223499404	16.77375636077428
30-34	16.79269663157806	33.11390678861395	33.36109836734866	16.73229821245933
35-39	16.78551336383175	33.05893459908505	33.352184297581914	16.80336773950129
40-44	16.822834406511966	32.970123111813066	33.29502963052957	16.9120128511454
45-49	16.910313499398775	33.04330509578162	33.207986565036286	16.838394839783323
50-54	16.77662274782939	33.006030095787075	33.27092525487892	16.946421901504618
55-59	16.820226133431312	32.82961915891428	33.260317103913536	17.089837603740882
60-64	16.874646616156337	33.04817968648319	33.158019386237605	16.91915431112287
65-69	16.793146892270546	32.88164578082958	33.29383637549869	17.03137095140118
70-74	16.784557143637898	32.91728473637848	33.248557191835495	17.04960092814813
75-79	16.89387720856691	33.01608046894665	33.19162407460106	16.898418247885388
80-84	16.74194524961984	32.91490794322441	33.340785797054046	17.002361010101712
85-89	16.90775843733671	32.885372657243565	33.191584151049746	17.01528475436998
90-94	16.910563086052157	33.00428912170846	33.163831051266726	16.921316740972657
95-99	16.78573522800571	32.99428186598101	33.16957519133004	17.05040771468324
100-104	16.90277698723261	32.7713714985136	33.229593887858314	17.096257626395474
105-109	16.864346525014835	32.821584857362296	33.270499997963384	17.04356861965949
110-114	16.80499235099071	33.00735073452448	33.1970205461905	16.990636368294307
115-119	16.76688051482753	32.814331575252474	33.360451927201844	17.058335982718145
120-124	16.8318232963873	32.9216485076386	33.24983726467816	16.996690931295934
125-129	16.78957020046411	32.92361791751948	33.18114970021171	17.1056621818047
130-134	16.76166534377812	32.74450719788081	33.38320904614508	17.11061841219599
135-139	16.9027702559514	32.87996342430164	33.1718429913584	17.04542332838855
140-144	16.76079590753718	32.82527006929769	33.310269048378586	17.103664974786543
145-149	16.78035304083704	32.76299354615504	33.27156772212598	17.18508569088194
150-154	16.841078571524974	32.86470515563667	33.18061909997228	17.113597172866076
155-159	16.794571134480087	32.755181085985335	33.32210278340779	17.12814499612679
160-164	16.721839924085653	32.7126568067767	33.323489367431094	17.242013901706553
165-169	16.83161986599151	32.85203914844787	33.1837802136219	17.13256077193872
170-174	16.73279688364558	32.78776616628801	33.32478569649849	17.154651253567927
175-179	16.795907947534612	32.73934395453171	33.206577649163584	17.258170448770098
180-184	16.843703035587346	32.884538075989134	33.07418341636827	17.197575472055256
185-189	16.735053243908695	32.76092913478262	33.330717734685614	17.173299886623067
190-194	16.81745277679204	32.61705161323967	33.25829005625702	17.30720555371127
195-199	16.829947622578626	32.85222440279521	33.24354845894045	17.074279515685713
200-204	16.71706788466797	32.73392005347323	33.31010758786454	17.238904473994253
205-209	16.775353513689666	32.736339055611694	33.22342789379165	17.264879536906992
210-214	16.870270822041295	32.851172239482764	33.10334714017273	17.17520979830321
215-219	16.69161737757019	32.69282866840394	33.2626252205299	17.352928733495975
220-224	16.78636682256415	32.706066212380634	33.221562115762495	17.286004849292716
225-229	16.753576268812942	32.75910493790533	33.16157116104424	17.32574763223749
230-234	16.61595817795942	32.64727730964703	33.37035339035893	17.366411122034616
235-239	16.650355361469774	32.80926234653312	33.14049433379005	17.39988795820706
240-244	16.71441525329979	32.673534681675605	33.24259795283561	17.369452112189
245-249	16.685398878951453	32.81613199494906	33.18458724989793	17.31388187620156
250-251	17.74593677850437	37.26794550297401	37.83963209938262	7.1464856191390025
>>END_MODULE
>>Per sequence GC content	pass
#GC Content	Count
0	224.0
1	112.0
2	0.0
3	0.0
4	0.0
5	0.0
6	0.0
7	0.0
8	0.0
9	0.3333333333333333
10	0.5
11	3.5
12	4.5
13	10.333333333333334
14	25.333333333333332
15	42.833333333333336
16	80.00000000000001
17	147.83333333333326
18	275.8333333333336
19	448.16666666666487
20	780.1666666666708
21	1311.1666666666622
22	1962.1666666666165
23	2945.0000000000805
24	4264.000000000218
25	5785.999999999678
26	7657.999999998999
27	10185.333333333549
28	13116.666666669202
29	16358.33333333866
30	19488.500000000244
31	22346.499999995423
32	24693.666666657555
33	26361.999999987547
34	26761.66666665341
35	26007.499999988388
36	24294.83333332508
37	21574.666666663397
38	18352.666666668916
39	14977.166666670764
40	11809.833333334798
41	9137.99999999954
42	6826.499999999426
43	4839.0000000000255
44	3455.6666666667825
45	2446.3333333333326
46	1702.1666666666463
47	1277.8333333333303
48	1054.6666666666788
49	838.0000000000092
50	687.6666666666706
51	624.0000000000016
52	494.66666666666197
53	363.3333333333318
54	292.33333333333377
55	211.1666666666674
56	144.83333333333334
57	100.49999999999983
58	96.8333333333332
59	70.66666666666669
60	43.83333333333333
61	28.999999999999993
62	18.0
63	11.666666666666668
64	13.666666666666671
65	15.500000000000005
66	10.666666666666668
67	6.666666666666665
68	5.0
69	5.333333333333332
70	6.166666666666666
71	6.0
72	3.166666666666667
73	1.3333333333333333
74	1.9999999999999998
75	2.1666666666666665
76	0.6666666666666666
77	0.6666666666666666
78	1.3333333333333333
79	1.0
80	1.0
81	0.3333333333333333
82	0.3333333333333333
83	0.6666666666666666
84	0.3333333333333333
85	0.3333333333333333
86	0.0
87	1.0
88	1.0
89	0.3333333333333333
90	0.3333333333333333
91	0.3333333333333333
92	0.3333333333333333
93	0.0
94	0.0
95	0.3333333333333333
96	0.3333333333333333
97	0.3333333333333333
98	0.6666666666666666
99	1.3333333333333333
100	2.5
>>END_MODULE
>>Per base N content	pass
#Base	N-Count
1	0.04711801801422796
2	0.04711801801422796
3	0.04711801801422796
4	0.04711801801422796
5	0.04711801801422796
6	0.04711801801422796
7	0.04711801801422796
8	0.04711801801422796
9	0.04711801801422796
10-14	0.04711801801422796
15-19	0.04711801801422796
20-24	0.04711801801422796
25-29	0.04711801801422796
30-34	0.04711801801422796
35-39	0.00943161071700452
40-44	0.0
45-49	0.0
50-54	0.0
55-59	0.0
60-64	0.0
65-69	0.0
70-74	0.0
75-79	0.0
80-84	0.0
85-89	0.0
90-94	0.0
95-99	0.0
100-104	0.0
105-109	0.0
110-114	0.0
115-119	0.0
120-124	0.0
125-129	0.0
130-134	0.0
135-139	0.0
140-144	0.0
145-149	0.0
150-154	0.0
155-159	0.0
160-164	0.0
165-169	0.0
170-174	0.0
175-179	0.0
180-184	0.0
185-189	0.0
190-194	0.0
195-199	0.0
200-204	0.0
205-209	0.0
210-214	0.0
215-219	0.0
220-224	0.0
225-229	0.0
230-234	0.0
235-239	0.0
240-244	0.0
245-249	0.0
250-251	0.0
>>END_MODULE
>>Sequence Length Distribution	warn
#Length	Count
35-39	916.0
40-44	965.0
45-49	1255.0
50-54	1381.0
55-59	1534.0
60-64	1719.0
65-69	1976.0
70-74	2244.0
75-79	2516.0
80-84	2741.0
85-89	3021.0
90-94	3407.0
95-99	3819.0
100-104	4203.0
105-109	4582.0
110-114	4918.0
115-119	5164.0
120-124	5822.0
125-129	6139.0
130-134	6600.0
135-139	6963.0
140-144	7337.0
145-149	7699.0
150-154	8128.0
155-159	8478.0
160-164	8673.0
165-169	8643.0
170-174	8946.0
175-179	9098.0
180-184	9173.0
185-189	9149.0
190-194	9196.0
195-199	9174.0
200-204	9023.0
205-209	9026.0
210-214	8907.0
215-219	8466.0
220-224	8302.0
225-229	8196.0
230-234	7906.0
235-239	7394.0
240-244	7329.0
245-249	21113.0
250-252	204161.0
>>END_MODULE
>>Sequence Duplication Levels	pass
#Total Deduplicated Percentage	82.71174930667422
#Duplication Level	Percentage of total
1	70.00876299590844
2	19.284847110528908
3	6.475595586909752
4	2.309416284180641
5	1.006902476400453
6	0.40622893999354026
7	0.19787249119337397
8	0.09344969108003343
9	0.05080962405594276
>10	0.11896061817328696
>50	0.0
>100	0.047154181575637014
>500	0.0
>1k	0.0
>5k	0.0
>10k+	0.0
>>END_MODULE
>>Overrepresented sequences	pass
>>END_MODULE
>>Adapter Content	pass
#Position	Illumina Universal Adapter	Illumina Small RNA 3' Adapter	Illumina Small RNA 5' Adapter	Nextera Transposase Sequence	PolyA	PolyG
1	0.0	0.0	0.0	0.0	0.0	0.0
2	0.0	0.0	0.0	0.0	0.0	0.0
3	0.0	0.0	0.0	0.0	0.0	0.0
4	0.0	0.0	0.0	0.0	0.0	0.0
5	0.0	0.0	0.0	0.0	0.0	0.0
6	0.0	0.0	0.0	0.0	0.0	0.0
7	0.0	0.0	0.0	0.0	0.0	0.0
8	0.0	0.0	0.0	0.0	0.0	0.0
9	0.0	0.0	0.0	0.0	0.0	0.0
10-14	0.0	0.0	0.0	0.0	0.0	0.0
15-19	0.0	0.0	0.0	0.0	2.524179536476498E-4	0.0
20-24	0.0	0.0	0.0	0.0	4.206965894127496E-4	0.0
25-29	0.0	0.0	0.0	0.0	4.206965894127496E-4	0.0
30-34	0.0	0.0	0.0	0.0	5.469055662365746E-4	0.0
35-39	0.0	0.0	0.0	1.262089768238249E-4	6.310448841191245E-4	0.0
40-44	0.0	0.0	0.0	4.206965894127496E-4	6.310448841191245E-4	0.0
45-49	0.0	0.0	0.0	8.413931788254992E-4	6.310448841191245E-4	0.0
50-54	0.0	0.0	0.0	8.413931788254992E-4	6.310448841191245E-4	0.0
55-59	0.0	0.0	0.0	0.001177950450355699	6.310448841191245E-4	0.0
60-64	0.0	0.0	0.0	0.0021455526060050233	6.310448841191245E-4	0.0
65-69	0.0	0.0	0.0	0.0030710851027130723	7.993235198842242E-4	0.0
70-74	0.0	0.0	0.0	0.0038283389636560214	8.413931788254992E-4	0.0
75-79	0.0	0.0	0.0	0.005216637708718096	8.413931788254992E-4	0.0
80-84	0.0	0.0	0.0	0.006226309523308694	8.413931788254992E-4	0.0
85-89	0.0	0.0	0.0	0.007235981337899293	8.413931788254992E-4	0.0
90-94	0.0	0.0	0.0	0.008413931788254992	8.413931788254992E-4	0.0
95-99	0.0	0.0	0.0	0.009970509169082166	8.413931788254992E-4	0.0
100-104	0.0	0.0	0.0	0.012662967341323763	0.001009671814590599	0.0
105-109	0.0	0.0	0.0	0.01543956483144791	0.001051741473531874	2.103482947063748E-4
110-114	0.0	0.0	0.0	0.017585117437452936	0.001051741473531874	2.103482947063748E-4
115-119	0.0	0.0	0.0	0.01985687902028178	0.001135880791414424	2.103482947063748E-4
120-124	0.0	0.0	0.0	0.02229691923887573	0.0018089953344748236	2.103482947063748E-4
125-129	0.0	0.0	0.0	0.025536282977353903	0.0018931346523573735	2.103482947063748E-4
130-134	0.0	0.0	0.0	0.029364621941009927	0.002313831241770123	2.103482947063748E-4
135-139	0.0	0.0	0.0	0.0332771002225485	0.0027345278311828726	2.103482947063748E-4
140-144	0.0	0.0	0.0	0.03765234475244109	0.002986945784830522	2.103482947063748E-4
145-149	0.0	0.0	0.0	0.04131240508033201	0.0037021299868321964	2.103482947063748E-4
150-154	0.0	0.0	0.0	0.04636076415328501	0.004038687258362396	2.103482947063748E-4
155-159	0.0	0.0	0.0	0.05166154117988566	0.004249035553068771	2.103482947063748E-4
160-164	0.0	0.0	0.0	0.05759336309060542	0.004585592824598972	2.103482947063748E-4
165-169	0.0	0.0	0.0	0.0630203490940299	0.004964219755070445	2.103482947063748E-4
170-174	0.0	0.0	0.0	0.06878389236898456	0.00626837918224997	2.103482947063748E-4
175-179	0.0	0.0	0.0	0.076650918591003	0.007320120655781843	2.103482947063748E-4
180-184	0.0	0.0	0.0	0.08367655163419589	0.008035304857783518	2.103482947063748E-4
185-189	0.0	0.0	0.0	0.09129115990256667	0.009297394626021766	2.103482947063748E-4
190-194	0.0	0.0	0.0	0.09768574806164046	0.011232598937320416	2.103482947063748E-4
195-199	0.0	0.0	0.0	0.10361756997236023	0.013167803248619065	2.103482947063748E-4
200-204	0.0	0.0	0.0	0.1090445559757847	0.015397495172506636	2.103482947063748E-4
205-209	0.0	0.0	0.0	0.1156074227706236	0.016912002894392535	2.103482947063748E-4
210-214	0.0	0.0	0.0	0.12229649854228633	0.018973416182515006	2.103482947063748E-4
215-219	0.0	0.0	0.0	0.13251942566501615	0.020614132881224732	2.103482947063748E-4
220-224	0.0	0.0	0.0	0.14408858187386675	0.02191829230840426	2.103482947063748E-4
225-229	0.0	0.0	0.0	0.15443771797342037	0.024021775255468003	2.103482947063748E-4
230-234	0.0	0.0	0.0	0.16663791906639014	0.02616732786147303	2.103482947063748E-4
235-239	0.0	0.0	0.0	0.17757603039112163	0.028985995010538453	2.103482947063748E-4
240	0.0	0.0	0.0	0.17900639879512498	0.03050050273242435	2.1034829470637482E-4
>>END_MODULE
