##FastQC	0.12.1
>>Basic Statistics	pass
#Measure	Value
Filename	ERR13347009_1.gz
File type	Conventional base calls
Encoding	Sanger / Illumina 1.9
Total Sequences	580631
Total Bases	105 Mbp
Sequences flagged as poor quality	0
Sequence length	35-251
%GC	33
>>END_MODULE
>>Per base sequence quality	pass
#Base	Mean	Median	Lower Quartile	Upper Quartile	10th Percentile	90th Percentile
1	33.71672198005274	34.0	34.0	34.0	34.0	34.0
2	33.644984508233286	34.0	34.0	34.0	34.0	34.0
3	33.692839342026176	34.0	34.0	34.0	34.0	34.0
4	33.69810430376607	34.0	34.0	34.0	34.0	34.0
5	33.70017102083767	34.0	34.0	34.0	34.0	34.0
6	37.542087832031015	38.0	38.0	38.0	37.0	38.0
7	37.488986981404715	38.0	38.0	38.0	37.0	38.0
8	37.40029037374856	38.0	38.0	38.0	37.0	38.0
9	37.38209465219735	38.0	38.0	38.0	37.0	38.0
10-14	37.339657028301964	38.0	38.0	38.0	37.0	38.0
15-19	37.31202398769614	38.0	38.0	38.0	37.0	38.0
20-24	37.303453656453065	38.0	38.0	38.0	37.0	38.0
25-29	37.21086232047548	38.0	38.0	38.0	36.8	38.0
30-34	37.16559501645624	38.0	38.0	38.0	36.4	38.0
35-39	37.13974748523019	38.0	38.0	38.0	36.2	38.0
40-44	37.06515813971928	38.0	38.0	38.0	36.0	38.0
45-49	37.04268120931009	38.0	38.0	38.0	36.0	38.0
50-54	37.062352539265945	38.0	38.0	38.0	36.0	38.0
55-59	36.96476647907167	38.0	38.0	38.0	35.8	38.0
60-64	36.93722968172492	38.0	38.0	38.0	36.0	38.0
65-69	36.98051605059944	38.0	38.0	38.0	36.0	38.0
70-74	36.97402541080131	38.0	38.0	38.0	36.0	38.0
75-79	36.918484836005504	38.0	38.0	38.0	36.0	38.0
80-84	36.90225806733663	38.0	38.0	38.0	35.6	38.0
85-89	36.87354845735352	38.0	38.0	38.0	35.4	38.0
90-94	36.89113751097384	38.0	38.0	38.0	36.0	38.0
95-99	36.77820341106256	38.0	37.6	38.0	35.2	38.0
100-104	36.738840692491216	38.0	37.4	38.0	35.0	38.0
105-109	36.79617469436128	38.0	37.8	38.0	35.0	38.0
110-114	36.65046734784213	38.0	37.0	38.0	34.6	38.0
115-119	36.674621539627495	38.0	37.2	38.0	34.8	38.0
120-124	36.546394749442285	38.0	37.0	38.0	34.2	38.0
125-129	36.51159283975537	38.0	37.0	38.0	34.2	38.0
130-134	36.57189194800533	38.0	37.0	38.0	34.2	38.0
135-139	36.46156371729934	38.0	37.0	38.0	34.0	38.0
140-144	36.199789648150116	38.0	37.0	38.0	33.2	38.0
145-149	36.065697594343725	38.0	37.0	38.0	32.0	38.0
150-154	36.016636302951646	38.0	37.0	38.0	32.0	38.0
155-159	36.19039027100173	38.0	37.0	38.0	33.4	38.0
160-164	36.16311282479454	38.0	37.0	38.0	33.0	38.0
165-169	35.9795850240475	38.0	37.0	38.0	31.6	38.0
170-174	35.90339237027539	38.0	37.0	38.0	31.4	38.0
175-179	35.98059537914818	38.0	37.0	38.0	31.8	38.0
180-184	35.82322165378601	38.0	36.8	38.0	31.0	38.0
185-189	35.6866911493148	38.0	36.6	38.0	30.4	38.0
190-194	35.52278993823414	38.0	36.4	38.0	29.6	38.0
195-199	35.20243319320168	37.8	35.6	38.0	27.8	38.0
200-204	35.16658254235749	37.8	35.4	38.0	28.2	38.0
205-209	34.94766816131565	37.4	35.2	38.0	27.2	38.0
210-214	34.64053871132453	37.0	34.8	38.0	26.4	38.0
215-219	34.39281036528446	37.0	34.4	38.0	25.6	38.0
220-224	34.46529454693041	37.0	34.6	37.8	25.6	38.0
225-229	34.802892104897786	37.0	35.0	38.0	27.0	38.0
230-234	34.403930070590704	37.0	34.8	37.8	25.2	38.0
235-239	33.87326346031466	37.0	34.0	37.2	24.0	38.0
240-244	33.60844784974393	37.0	33.4	37.0	23.6	37.6
245-249	33.18128295497022	37.0	32.6	37.2	22.2	37.4
250-251	29.817443599323695	33.0	26.0	36.5	16.0	37.5
>>END_MODULE
>>Per sequence quality scores	pass
#Quality	Count
2	590.0
3	0.0
4	0.0
5	0.0
6	0.0
7	0.0
8	0.0
9	0.0
10	0.0
11	0.0
12	1.0
13	1.0
14	6.0
15	14.0
16	22.0
17	49.0
18	55.0
19	89.0
20	152.0
21	276.0
22	434.0
23	620.0
24	850.0
25	1105.0
26	1595.0
27	2384.0
28	3290.0
29	4592.0
30	6805.0
31	9455.0
32	13043.0
33	18106.0
34	25767.0
35	38816.0
36	73672.0
37	378842.0
>>END_MODULE
>>Per base sequence content	fail
#Base	G	A	T	C
1	32.8847443542784	30.324408102185878	16.346430683348245	20.44441686018747
2	11.269030982292632	24.06588499778464	47.18028553154001	17.48479848838272
3	13.023906930716967	33.78588754932841	36.525693873364126	16.664511646590498
4	9.128147837825257	22.03085643945859	49.98457005625465	18.85642566646151
5	8.681800079649541	41.047098394768646	41.45706941405866	8.81403211152315
6	18.82625538539517	49.429092081421835	22.671156004489337	9.073496528693662
7	17.69030120284601	37.84939340494896	31.512255168169144	12.948050224035887
8	17.528071291512152	43.030234069660594	25.76059278568239	13.681101853144865
9	20.274428876579414	20.36235369568703	30.143558817393945	29.219658610339614
10-14	18.361977860185746	28.99815702683086	34.91170451743928	17.728160595544107
15-19	16.63592746030022	34.808884199565206	32.21613644552713	16.33905189460745
20-24	16.646271556665823	33.3258855839501	33.56080001241292	16.46704284697116
25-29	16.85667047674216	33.30195624102434	33.16065588467022	16.680717397563274
30-34	16.824465856723922	33.28985364827658	33.135967974677655	16.74971252032184
35-39	16.831325351109246	33.28996818892245	33.13843755695343	16.740268903014872
40-44	16.869499697777975	33.25294874425362	33.064891782333596	16.812659775634806
45-49	16.925716216475113	33.25466809947698	33.04730538192116	16.772310302126748
50-54	16.8248128609211	33.21918480562497	33.1253698608622	16.830632472591734
55-59	16.894354061106817	33.12289328991544	33.052350388497906	16.93040226047984
60-64	16.916287263297157	33.215121354487835	33.02240532954334	16.846186052671676
65-69	16.853224915774835	33.13475703235677	33.092145942623056	16.919872109245347
70-74	16.884334659363695	33.14344733514382	33.085413835505896	16.886804169986586
75-79	16.94230063827801	33.171344162178336	32.998634939233845	16.88772026030981
80-84	16.88521291303489	33.18465878389709	33.071485267319794	16.858643035748226
85-89	16.882862891709465	33.13103908479222	32.99583999903159	16.990258024466723
90-94	16.951690310170715	33.156008655926904	33.000932916566484	16.891368117335897
95-99	16.819415565454435	33.24539313423651	33.0134379574775	16.921753342831554
100-104	16.897158652249917	33.15960429942357	32.978074859892715	16.965162188433798
105-109	16.93724898140494	33.176319101566634	32.95425494797301	16.93217696905541
110-114	16.83299353176405	33.16520554783998	33.06996617620205	16.931834744193917
115-119	16.924899545068396	33.15625076541695	32.94672526161683	16.972124427897832
120-124	16.89055499809206	33.16372408383623	32.987151447913284	16.95856947015843
125-129	16.84155055734294	33.18509350885074	33.01963658584937	16.953719347956955
130-134	16.84444026025061	33.12640309055798	32.99919110790115	17.029965541290267
135-139	16.915013371523415	33.13464952495204	32.98921336388669	16.961123739637856
140-144	16.88059678388256	33.198275642526895	32.91873917969681	17.002388393893742
145-149	16.86524924572379	33.10558213485358	32.91884096462614	17.110327654796496
150-154	16.94322541588097	33.120093952251636	32.941045603849645	16.995635028017748
155-159	16.849907973046797	33.13507739461224	33.05618131913795	16.958833313203016
160-164	16.87669901630079	33.15388543094778	32.87681618488744	17.09259936786399
165-169	16.792397496986872	33.134405224425954	33.029377858896154	17.043819419691022
170-174	16.816367944664766	33.26492733538324	32.8776301869049	17.041074533047087
175-179	16.901258332487938	33.13289989200351	32.84428857792634	17.121553197582216
180-184	16.932428496883432	33.19609284459014	32.844350225820364	17.027128432706064
185-189	16.757517046992316	33.189426330897504	32.97740750046896	17.075649121641217
190-194	16.857156207653848	33.1738631911521	32.83850862468684	17.13047197650721
195-199	16.873283172100802	33.178669533022806	32.863295712408934	17.084751582467455
200-204	16.81808314338435	33.182304507605714	32.86450822595401	17.135104123055932
205-209	16.85816970053084	33.146700043867945	32.83632426863281	17.158805986968403
210-214	16.856737294582445	33.16257350224289	32.88762453792022	17.093064665254442
215-219	16.718562042115597	33.282610489379906	32.862496797251936	17.136330671252566
220-224	16.781758169751768	33.19572294642672	32.875223722177445	17.14729516164407
225-229	16.793242616142535	33.26061583316537	32.77012426348922	17.17601728720288
230-234	16.66394139895778	33.217704117684846	32.87266575954184	17.24568872381553
235-239	16.70461493372949	33.18497632654711	32.857539881051636	17.25286885867176
240-244	16.715689000773374	33.27313537614629	32.78361160459911	17.227564018481228
245-249	16.64176773666542	33.39143083666957	32.97044234914852	16.996359077516484
250-251	18.68064540308362	38.406111188963884	35.71714893741832	7.196094470534176
>>END_MODULE
>>Per sequence GC content	pass
#GC Content	Count
0	590.0
1	295.0
2	0.0
3	0.0
4	0.0
5	0.0
6	0.0
7	0.0
8	1.0
9	4.5
10	9.0
11	11.0
12	16.5
13	32.833333333333336
14	61.83333333333334
15	113.49999999999999
16	196.1666666666667
17	307.5
18	519.499999999999
19	919.1666666666692
20	1477.9999999999955
21	2238.6666666666515
22	3284.0000000000623
23	4707.333333333369
24	6595.166666666373
25	9113.333333333085
26	12280.666666667572
27	15921.500000002427
28	19923.49999999983
29	24130.16666666261
30	27904.83333332497
31	31232.83333332084
32	33973.49999998765
33	35496.333333324095
34	35764.833333324525
35	34896.33333332246
36	32860.66666665122
37	29639.83333332183
38	25707.666666660047
39	21564.1666666648
40	17337.16666666883
41	13541.166666668221
42	10374.83333333354
43	7557.333333332966
44	5555.166666666591
45	4006.5000000000837
46	2848.000000000018
47	2150.8333333333167
48	1624.4999999999843
49	1225.499999999999
50	953.3333333333418
51	796.5000000000058
52	603.5000000000005
53	439.6666666666639
54	357.4999999999988
55	271.33333333333366
56	203.50000000000026
57	171.00000000000017
58	133.33333333333317
59	74.1666666666667
60	56.66666666666667
61	33.33333333333333
62	14.000000000000002
63	10.5
64	3.833333333333333
65	2.3333333333333335
66	1.8333333333333333
67	1.3333333333333333
68	2.6666666666666665
69	2.5
70	3.0
71	3.3333333333333335
72	1.0
73	0.0
74	0.3333333333333333
75	0.3333333333333333
76	0.0
77	0.0
78	0.0
79	0.0
80	0.0
81	0.0
82	0.0
83	0.0
84	0.0
85	0.3333333333333333
86	0.3333333333333333
87	0.0
88	0.0
89	0.0
90	0.0
91	0.0
92	0.0
93	0.0
94	0.0
95	0.0
96	0.0
97	0.0
98	0.0
99	0.0
100	0.0
>>END_MODULE
>>Per base N content	pass
#Base	N-Count
1	0.10161358935365146
2	0.10161358935365146
3	0.10161358935365146
4	0.10161358935365146
5	0.10161358935365146
6	0.10161358935365146
7	0.10161358935365146
8	0.10161358935365146
9	0.10161358935365146
10-14	0.10161358935365146
15-19	0.10161358935365146
20-24	0.10161358935365146
25-29	0.10161358935365146
30-34	0.10161358935365146
35-39	0.020361018106121627
40-44	0.0
45-49	0.0
50-54	0.0
55-59	0.0
60-64	0.0
65-69	0.0
70-74	0.0
75-79	0.0
80-84	0.0
85-89	0.0
90-94	0.0
95-99	0.0
100-104	0.0
105-109	0.0
110-114	0.0
115-119	0.0
120-124	0.0
125-129	0.0
130-134	0.0
135-139	0.0
140-144	0.0
145-149	0.0
150-154	0.0
155-159	0.0
160-164	0.0
165-169	0.0
170-174	0.0
175-179	0.0
180-184	0.0
185-189	0.0
190-194	0.0
195-199	0.0
200-204	7.753013790285629E-5
205-209	0.0
210-214	0.0
215-219	0.0
220-224	0.0
225-229	0.0
230-234	0.0
235-239	0.0
240-244	0.0
245-249	0.0
250-251	0.0
>>END_MODULE
>>Sequence Length Distribution	warn
#Length	Count
35-39	2524.0
40-44	2668.0
45-49	3392.0
50-54	3864.0
55-59	4455.0
60-64	4967.0
65-69	5549.0
70-74	6351.0
75-79	6990.0
80-84	7884.0
85-89	8388.0
90-94	9431.0
95-99	9824.0
100-104	10994.0
105-109	11094.0
110-114	11939.0
115-119	12219.0
120-124	13098.0
125-129	12855.0
130-134	13015.0
135-139	13335.0
140-144	13317.0
145-149	13333.0
150-154	12954.0
155-159	12916.0
160-164	12649.0
165-169	12546.0
170-174	11919.0
175-179	11555.0
180-184	11230.0
185-189	10969.0
190-194	10327.0
195-199	10271.0
200-204	9602.0
205-209	9318.0
210-214	9036.0
215-219	8848.0
220-224	8441.0
225-229	7999.0
230-234	7710.0
235-239	7373.0
240-244	7110.0
245-249	17863.0
250-252	168509.0
>>END_MODULE
>>Sequence Duplication Levels	pass
#Total Deduplicated Percentage	79.94892023881471
#Duplication Level	Percentage of total
1	65.68947229963696
2	21.029110341047748
3	7.697345609064843
4	2.977529906923638
5	1.2919099662654872
6	0.6212425708638778
7	0.24967730730383247
8	0.14157879304428117
9	0.0779986537694478
>10	0.12256160000668188
>50	0.0
>100	0.0
>500	0.10157295207319433
>1k	0.0
>5k	0.0
>10k+	0.0
>>END_MODULE
>>Overrepresented sequences	warn
#Sequence	Count	Percentage	Possible Source
NNNNNNNNNNNNNNNNNNNNNNNNNNNNNNNNNNN	590	0.10161358935365146	No Hit
>>END_MODULE
>>Adapter Content	pass
#Position	Illumina Universal Adapter	Illumina Small RNA 3' Adapter	Illumina Small RNA 5' Adapter	Nextera Transposase Sequence	PolyA	PolyG
1	0.0	0.0	0.0	0.0	0.0	0.001205584958433153
2	0.0	0.0	0.0	0.0	0.0	0.001205584958433153
3	0.0	0.0	0.0	0.0	0.0	0.001205584958433153
4	0.0	0.0	0.0	0.0	0.0	0.001205584958433153
5	0.0	0.0	0.0	0.0	0.0	0.001205584958433153
6	0.0	0.0	0.0	0.0	0.0	0.001205584958433153
7	0.0	0.0	0.0	0.0	0.0	0.001205584958433153
8	0.0	0.0	0.0	0.0	0.0	0.001205584958433153
9	0.0	0.0	0.0	0.0	0.0	0.001205584958433153
10-14	0.0	0.0	0.0	0.0	0.0	0.001205584958433153
15-19	0.0	0.0	0.0	0.0	0.0	0.001205584958433153
20-24	0.0	0.0	0.0	0.0	0.0	0.001205584958433153
25-29	0.0	0.0	0.0	0.0	0.0	0.001205584958433153
30-34	0.0	0.0	0.0	6.889056905332303E-5	2.755622762132921E-4	0.001412256665593122
35-39	0.0	0.0	0.0	4.133434143199381E-4	3.4445284526661514E-4	0.0017222642263330756
40-44	0.0	0.0	0.0	8.611321131665378E-4	3.788981297932766E-4	0.0017222642263330756
45-49	0.0	0.0	0.0	0.0021356076406530136	5.166792678999227E-4	0.0017222642263330756
50-54	0.0	0.0	0.0	0.003444528452666151	5.166792678999227E-4	0.0017222642263330756
55-59	0.0	0.0	0.0	0.004374551134886012	5.166792678999227E-4	0.0017222642263330756
60-64	0.0	0.0	0.0	0.005993479507639103	5.166792678999227E-4	0.0017222642263330756
65-69	0.0	0.0	0.0	0.007887970156605487	5.166792678999227E-4	0.0017222642263330756
70-74	0.0	0.0	0.0	0.009334672106725271	5.166792678999227E-4	0.0017222642263330756
75-79	0.0	0.0	0.0	0.010746928772318391	5.166792678999227E-4	0.0017222642263330756
80-84	0.0	0.0	0.0	0.012606974136758115	5.166792678999227E-4	0.0017222642263330756
85-89	0.0	0.0	0.0	0.01457035535477782	5.166792678999227E-4	0.0020667170715996906
90-94	0.0	0.0	0.0	0.017188196978804096	5.166792678999227E-4	0.0020667170715996906
95-99	0.0	0.0	0.0	0.019909374456410354	5.166792678999227E-4	0.0020667170715996906
100-104	0.0	0.0	0.0	0.02373280103886978	6.889056905332303E-4	0.0020667170715996906
105-109	0.0	0.0	0.0	0.02731511062964258	0.0012744755274864761	0.0020667170715996906
110-114	0.0	0.0	0.0	0.030931865504942035	0.0019633812180197057	0.002101162356126352
115-119	0.0	0.0	0.0	0.035995322330361276	0.0021700529251796755	0.002238943494232998
120-124	0.0	0.0	0.0	0.04036987346524729	0.003031185038346213	0.002238943494232998
125-129	0.0	0.0	0.0	0.04470997931560664	0.0049256756873125975	0.002238943494232998
130-134	0.0	0.0	0.0	0.0505656776851391	0.006337932352905719	0.002238943494232998
135-139	0.0	0.0	0.0	0.05549135337245169	0.007405736173232225	0.002238943494232998
140-144	0.0	0.0	0.0	0.06010702149902434	0.00885243812335201	0.002411169916866306
145-149	0.0	0.0	0.0	0.06517047832444359	0.011332498609271636	0.0025833963394996133
150-154	0.0	0.0	0.0	0.07140507482376932	0.01415701194045788	0.0025833963394996133
155-159	0.0	0.0	0.0	0.07602074295034196	0.016809298849010817	0.0025833963394996133
160-164	0.0	0.0	0.0	0.08056752050786128	0.018807125351557187	0.0025833963394996133
165-169	0.0	0.0	0.0	0.08569986790233383	0.02159719339821677	0.0025833963394996133
170-174	0.0	0.0	0.0	0.09028109074437982	0.02504172185088292	0.002686732193079598
175-179	0.0	0.0	0.0	0.09568900041506569	0.029175155994082304	0.002755622762132921
180-184	0.0	0.0	0.0	0.10137247236196482	0.03368748826707496	0.002755622762132921
185-189	0.0	0.0	0.0	0.10719372544697063	0.038544273385334234	0.002893403900239567
190-194	0.0	0.0	0.0	0.11401389178324961	0.04360773021075347	0.0029278491847662285
195-199	0.0	0.0	0.0	0.11880178633245556	0.0507379041077724	0.0029278491847662285
200-204	0.0	0.0	0.0	0.12276299405302163	0.05707583646067812	0.0029278491847662285
205-209	0.0	0.0	0.0	0.12675864705811438	0.06320709710642387	0.0029278491847662285
210-214	0.0	0.0	0.0	0.13158098689184697	0.0692694671831163	0.0029278491847662285
215-219	0.0	0.0	0.0	0.13567997575051968	0.0759862976658153	0.0029278491847662285
220-224	0.0	0.0	0.0	0.1402956438770923	0.08139420733650116	0.0029278491847662285
225-229	0.0	0.0	0.0	0.14477353086555833	0.08693989814529365	0.0029278491847662285
230-234	0.0	0.0	0.0	0.14887251972423104	0.09455230602568584	0.0029278491847662285
235-239	0.0	0.0	0.0	0.15259261045311048	0.10082134780953825	0.0029278491847662285
240	0.0	0.0	0.0	0.1529370632983771	0.10557479707421753	0.0029278491847662285
>>END_MODULE
