##FastQC	0.12.1
>>Basic Statistics	pass
#Measure	Value
Filename	ERR13347007_2.gz
File type	Conventional base calls
Encoding	Sanger / Illumina 1.9
Total Sequences	916032
Total Bases	155.5 Mbp
Sequences flagged as poor quality	0
Sequence length	35-251
%GC	33
>>END_MODULE
>>Per base sequence quality	pass
#Base	Mean	Median	Lower Quartile	Upper Quartile	10th Percentile	90th Percentile
1	32.971110179557044	34.0	34.0	34.0	32.0	34.0
2	33.022945704953536	34.0	34.0	34.0	32.0	34.0
3	33.11390868441277	34.0	34.0	34.0	33.0	34.0
4	33.10599083874799	34.0	34.0	34.0	34.0	34.0
5	33.166707058268706	34.0	34.0	34.0	34.0	34.0
6	36.78948333682666	38.0	38.0	38.0	35.0	38.0
7	36.80695325054147	38.0	38.0	38.0	36.0	38.0
8	36.57927452316076	38.0	37.0	38.0	34.0	38.0
9	36.73414356703696	38.0	38.0	38.0	35.0	38.0
10-14	36.503748559002304	38.0	37.4	38.0	34.2	38.0
15-19	36.47213132292322	38.0	37.0	38.0	34.0	38.0
20-24	36.68296697058618	38.0	38.0	38.0	34.4	38.0
25-29	36.614018287570744	38.0	37.6	38.0	34.6	38.0
30-34	36.545529632152586	38.0	37.2	38.0	34.0	38.0
35-39	36.49352855870039	38.0	37.0	38.0	34.0	38.0
40-44	36.442020202190534	38.0	37.0	38.0	34.0	38.0
45-49	36.64418861920476	38.0	37.6	38.0	34.2	38.0
50-54	36.68866624862708	38.0	37.6	38.0	34.4	38.0
55-59	36.54718342829827	38.0	37.0	38.0	34.0	38.0
60-64	36.5310482553179	38.0	37.0	38.0	34.0	38.0
65-69	36.431635509349434	38.0	37.0	38.0	34.0	38.0
70-74	36.373536951823006	38.0	37.0	38.0	34.0	38.0
75-79	36.3109925951753	38.0	37.0	38.0	33.8	38.0
80-84	36.14611048351685	38.0	37.0	38.0	33.2	38.0
85-89	36.2243603678114	38.0	37.0	38.0	33.2	38.0
90-94	36.19722363317247	38.0	37.0	38.0	32.8	38.0
95-99	36.16323057030173	38.0	37.0	38.0	32.6	38.0
100-104	36.032487579808475	38.0	37.0	38.0	32.0	38.0
105-109	35.77584642433266	38.0	37.0	38.0	31.2	38.0
110-114	35.65760185000791	38.0	36.6	38.0	30.6	38.0
115-119	35.64850701275079	38.0	36.8	38.0	30.8	38.0
120-124	35.68404905548419	38.0	37.0	38.0	30.6	38.0
125-129	35.68599488187222	38.0	37.0	38.0	30.8	38.0
130-134	35.519846527002066	38.0	37.0	38.0	29.6	38.0
135-139	35.43121018216315	38.0	36.6	38.0	28.8	38.0
140-144	35.40431373587997	38.0	36.2	38.0	28.8	38.0
145-149	35.203548048024444	38.0	36.0	38.0	27.6	38.0
150-154	34.93605738632672	38.0	35.6	38.0	26.6	38.0
155-159	34.80787439149121	38.0	35.6	38.0	26.0	38.0
160-164	34.5699743534984	37.8	34.8	38.0	25.6	38.0
165-169	34.56379169157354	37.8	34.8	38.0	26.0	38.0
170-174	34.18721813948133	37.4	34.6	38.0	24.0	38.0
175-179	34.198602132297886	37.6	34.6	38.0	23.2	38.0
180-184	34.469236666912956	38.0	35.0	38.0	23.6	38.0
185-189	34.07950983291159	37.6	34.6	38.0	23.0	38.0
190-194	33.58904246581886	37.0	33.6	38.0	22.2	38.0
195-199	33.03285024448773	37.0	32.0	38.0	21.0	38.0
200-204	32.8878564988304	37.0	31.8	37.6	20.4	38.0
205-209	33.20871726474131	37.0	33.2	37.8	21.0	38.0
210-214	32.776903390536624	37.0	31.8	37.2	20.4	37.8
215-219	32.35160139559362	37.0	30.8	37.0	20.0	37.6
220-224	32.01422694047703	36.6	29.8	37.0	19.0	37.6
225-229	31.360633964410773	35.8	28.4	37.0	17.0	37.2
230-234	30.649245603653423	35.2	26.6	37.0	15.2	37.2
235-239	30.245506818278095	34.4	25.8	37.0	14.8	37.0
240-244	29.565527709740042	33.8	24.8	37.0	12.6	37.0
245-249	29.073532180670963	32.8	23.8	36.8	11.0	37.0
250-251	25.36882426835205	27.0	16.5	34.0	9.5	36.5
>>END_MODULE
>>Per sequence quality scores	pass
#Quality	Count
2	1610.0
3	0.0
4	0.0
5	0.0
6	0.0
7	0.0
8	0.0
9	0.0
10	0.0
11	0.0
12	3.0
13	66.0
14	201.0
15	326.0
16	460.0
17	603.0
18	838.0
19	1265.0
20	1699.0
21	2212.0
22	2979.0
23	3550.0
24	4339.0
25	5472.0
26	6705.0
27	8503.0
28	10449.0
29	13429.0
30	16884.0
31	21572.0
32	27092.0
33	35215.0
34	48218.0
35	71888.0
36	135152.0
37	495302.0
>>END_MODULE
>>Per base sequence content	fail
#Base	G	A	T	C
1	33.497553645909655	29.41639636841633	16.00366132923311	21.082388656440898
2	11.405565482895206	23.585281194022016	47.27117239086549	17.737980932217294
3	13.518156824748312	32.70907742814587	36.5228526872713	17.24991305983452
4	9.32490688106804	21.134880831826006	49.93897784611481	19.60123444099114
5	8.651366655657892	40.91994724536374	41.571943807126246	8.856742291852122
6	19.29470200848186	48.929050263445106	22.377633084068407	9.398614644004628
7	17.987318765296546	37.49450472538937	31.0584172296817	13.45975927963238
8	17.543541165894958	43.05528519655039	25.564454923437975	13.836718714116678
9	20.3526380598892	20.066993138835244	30.095185811364995	29.48518298991057
10-14	18.397195168095255	28.599793093342026	34.914120613895996	18.088891124666727
15-19	16.55539783601007	34.64527318896527	32.303684731994636	16.49564424303002
20-24	16.5951169153848	33.10001290432645	33.73823027005037	16.56663991023838
25-29	16.766219535400502	33.17253959331687	33.35444685276601	16.706794018516614
30-34	16.73852991288486	33.227262686155846	33.347097948212095	16.6871094527472
35-39	16.7476701857169	33.123358832480136	33.363663551483775	16.76530743031919
40-44	16.754307184831582	33.09867200464397	33.33788408249398	16.80913672803047
45-49	16.864006454713483	33.061236380974876	33.24159651858232	16.833160645729322
50-54	16.735631615725627	33.05426046551341	33.317597521216385	16.892510397544584
55-59	16.80225898060001	32.90047264342407	33.261335068260486	17.035933307715435
60-64	16.8605641950585	33.050220987451894	33.206957189783914	16.88225762770569
65-69	16.772098888937432	32.99082754852036	33.2901044478715	16.94696911467071
70-74	16.81482949041206	32.932151071442654	33.240188162272624	17.01283127587267
75-79	16.900591486112184	33.047439106779294	33.12085179031403	16.9311176167945
80-84	16.754049676426	32.94006039257645	33.31266075584081	16.99322917515675
85-89	16.853041235941717	32.95198021927509	33.14991374977585	17.045064795007335
90-94	16.930978925504863	32.93413654098753	33.142746219596624	16.992138313910978
95-99	16.81575484992699	33.03593632763762	33.127971755963706	17.020337066471686
100-104	16.85734747039063	32.85449928522032	33.17075170768108	17.11740153670797
105-109	16.862623927957504	32.846263846174	33.21625564134681	17.07485658452169
110-114	16.840757821894243	32.91733990923832	33.18073652810005	17.061165740767382
115-119	16.812551416712587	32.85642861392261	33.19607186832034	17.13494810104447
120-124	16.959632857010103	32.81107371484569	33.15370072289202	17.075592705252195
125-129	16.85320456574737	32.9025237013428	33.11843815441424	17.125833578495588
130-134	16.829267072375497	32.741770053484856	33.21364422481984	17.21531864931981
135-139	16.98425012127801	32.78516595191647	33.08522954934406	17.14535437746146
140-144	16.83515800303037	32.85414141211091	33.127061121738414	17.1836394631203
145-149	16.892034150375082	32.67762059337227	33.16917224728652	17.261173008966132
150-154	16.934370849063285	32.7998724708426	33.11490353866327	17.15085314143084
155-159	16.900462368714646	32.698615866771604	33.16616709633331	17.234754668180443
160-164	16.828730097738706	32.661757828128906	33.175379375285004	17.334132698847387
165-169	16.922882889754934	32.733598116583224	33.0623379054963	17.28118108816554
170-174	16.817795849381106	32.70676708646245	33.178131740008304	17.297305324148134
175-179	16.87116234906855	32.62529301239864	33.07832672698087	17.42521791155194
180-184	16.954193413340775	32.78483269761528	32.94211477036624	17.318859118677707
185-189	16.8545614737363	32.65240952585938	33.1860716792958	17.30695732110852
190-194	16.867319662706816	32.57203788601227	33.10247544483095	17.45816700644997
195-199	16.92032355116392	32.62811471556182	33.12325555099296	17.328306182281295
200-204	16.77222451309585	32.684782334278665	33.13708494278894	17.405908209836543
205-209	16.851485850880543	32.667961011496175	32.99026799217811	17.490285145445167
210-214	16.85676584360652	32.694708554764226	32.99832495812395	17.450200643505294
215-219	16.734832184275295	32.758513097264725	33.13967420335582	17.366980515104164
220-224	16.888819974092346	32.59725869860868	33.00596651386964	17.50795481342934
225-229	16.83140116030673	32.549164604560325	33.10832359947822	17.511110635654727
230-234	16.62013897438948	32.59264844016949	33.146138916287505	17.641073669153524
235-239	16.775681854423784	32.55925041600253	32.943252750050235	17.72181497952345
240-244	16.614054827696844	32.66056714330282	33.073970520613244	17.65140750838709
245-249	16.687803281096063	32.59044125296015	33.06957184205213	17.652183623891666
250-251	17.5747534084633	37.32854984549517	37.93835325692533	7.158343489116197
>>END_MODULE
>>Per sequence GC content	pass
#GC Content	Count
0	1610.0
1	805.0
2	0.0
3	0.0
4	0.0
5	0.0
6	0.0
7	1.5
8	4.0
9	7.0
10	11.5
11	24.5
12	50.33333333333333
13	92.16666666666667
14	164.16666666666669
15	281.0
16	479.6666666666664
17	762.5000000000007
18	1178.8333333333342
19	1921.8333333333287
20	2962.6666666666797
21	4394.166666666706
22	6433.666666666529
23	9163.499999999876
24	12556.666666667217
25	16940.66666666799
26	22106.499999998778
27	27766.33333332848
28	33739.83333332567
29	40046.16666666796
30	45795.50000001119
31	51020.16666668793
32	55581.666666698
33	58232.33333337164
34	58591.6666667063
35	57172.000000036554
36	53975.83333336292
37	48845.833333351766
38	42510.66666667229
39	35762.6666666605
40	29294.49999999252
41	23188.83333333093
42	17827.3333333344
43	13375.833333334145
44	9791.333333333314
45	7113.666666666461
46	5178.33333333331
47	3861.8333333334044
48	3111.000000000041
49	2536.1666666666683
50	2035.9999999999636
51	1639.1666666666479
52	1246.8333333333328
53	939.8333333333433
54	764.8333333333379
55	591.3333333333329
56	439.83333333333223
57	351.99999999999955
58	294.6666666666667
59	206.66666666666694
60	135.16666666666663
61	93.33333333333331
62	49.166666666666686
63	22.999999999999993
64	13.000000000000002
65	9.833333333333332
66	8.833333333333332
67	10.166666666666666
68	6.0
69	2.6666666666666665
70	2.5
71	4.0
72	3.0
73	1.3333333333333333
74	1.4999999999999998
75	0.6666666666666666
76	1.0
77	1.6666666666666665
78	1.3333333333333333
79	0.3333333333333333
80	0.3333333333333333
81	0.3333333333333333
82	1.0
83	1.3333333333333333
84	0.6666666666666666
85	1.0
86	0.6666666666666666
87	0.3333333333333333
88	0.0
89	0.3333333333333333
90	0.6666666666666666
91	0.0
92	0.6666666666666666
93	0.3333333333333333
94	0.6666666666666666
95	1.0
96	1.0
97	0.3333333333333333
98	0.6666666666666666
99	1.3333333333333333
100	5.0
>>END_MODULE
>>Per base N content	pass
#Base	N-Count
1	0.17575805212044993
2	0.17575805212044993
3	0.17575805212044993
4	0.17575805212044993
5	0.17575805212044993
6	0.17575805212044993
7	0.17575805212044993
8	0.17575805212044993
9	0.17575805212044993
10-14	0.17575805212044993
15-19	0.17575805212044993
20-24	0.17575805212044993
25-29	0.17575805212044993
30-34	0.17575805212044993
35-39	0.035262050696315994
40-44	0.0
45-49	0.0
50-54	0.0
55-59	0.0
60-64	0.0
65-69	0.0
70-74	0.0
75-79	0.0
80-84	0.0
85-89	0.0
90-94	0.0
95-99	0.0
100-104	0.0
105-109	0.0
110-114	0.0
115-119	0.0
120-124	0.0
125-129	0.0
130-134	0.0
135-139	0.0
140-144	0.0
145-149	0.0
150-154	0.0
155-159	0.0
160-164	0.0
165-169	0.0
170-174	0.0
175-179	0.0
180-184	0.0
185-189	0.0
190-194	0.0
195-199	0.0
200-204	0.0
205-209	0.0
210-214	0.0
215-219	0.0
220-224	0.0
225-229	0.0
230-234	0.0
235-239	0.0
240-244	0.0
245-249	0.0
250-251	0.0
>>END_MODULE
>>Sequence Length Distribution	warn
#Length	Count
35-39	6509.0
40-44	6891.0
45-49	8704.0
50-54	9646.0
55-59	10979.0
60-64	12127.0
65-69	13329.0
70-74	14802.0
75-79	16105.0
80-84	17886.0
85-89	18445.0
90-94	19836.0
95-99	20417.0
100-104	21616.0
105-109	21737.0
110-114	22463.0
115-119	22135.0
120-124	22303.0
125-129	21771.0
130-134	21743.0
135-139	21201.0
140-144	20471.0
145-149	20313.0
150-154	19214.0
155-159	18763.0
160-164	18246.0
165-169	17194.0
170-174	16601.0
175-179	15757.0
180-184	15140.0
185-189	14744.0
190-194	13910.0
195-199	13340.0
200-204	12855.0
205-209	12198.0
210-214	11725.0
215-219	11072.0
220-224	10631.0
225-229	10213.0
230-234	9510.0
235-239	9356.0
240-244	8662.0
245-249	25268.0
250-252	240204.0
>>END_MODULE
>>Sequence Duplication Levels	pass
#Total Deduplicated Percentage	74.35524228995295
#Duplication Level	Percentage of total
1	58.218913785073546
2	21.55222795267436
3	9.808645492016584
4	4.764551599282438
5	2.385998646053383
6	1.2024222153274289
7	0.6878600415224573
8	0.43237262907467705
9	0.25101649035316087
>10	0.5202114883560472
>50	0.0
>100	0.0
>500	0.0
>1k	0.17577966026595804
>5k	0.0
>10k+	0.0
>>END_MODULE
>>Overrepresented sequences	warn
#Sequence	Count	Percentage	Possible Source
NNNNNNNNNNNNNNNNNNNNNNNNNNNNNNNNNNN	1610	0.17575805212044993	No Hit
>>END_MODULE
>>Adapter Content	pass
#Position	Illumina Universal Adapter	Illumina Small RNA 3' Adapter	Illumina Small RNA 5' Adapter	Nextera Transposase Sequence	PolyA	PolyG
1	0.0	0.0	0.0	0.0	0.0	0.0
2	0.0	0.0	0.0	0.0	0.0	0.0
3	0.0	0.0	0.0	0.0	0.0	0.0
4	0.0	0.0	0.0	0.0	0.0	0.0
5	0.0	0.0	0.0	0.0	0.0	0.0
6	0.0	0.0	0.0	0.0	0.0	0.0
7	0.0	0.0	0.0	0.0	0.0	0.0
8	0.0	0.0	0.0	0.0	0.0	0.0
9	0.0	0.0	0.0	0.0	0.0	0.0
10-14	0.0	0.0	0.0	0.0	0.0	2.1833298400055895E-5
15-19	0.0	0.0	0.0	0.0	8.733319360022358E-5	3.056661776007825E-4
20-24	0.0	0.0	0.0	0.0	2.1833298400055894E-4	4.8033256480122964E-4
25-29	0.0	0.0	0.0	0.0	3.493327744008943E-4	5.458324600013973E-4
30-34	0.0	0.0	0.0	1.7466638720044716E-4	4.366659680011179E-4	5.458324600013973E-4
35-39	0.0	0.0	0.0	0.0011353315168029063	4.366659680011179E-4	5.458324600013973E-4
40-44	0.0	0.0	0.0	0.0029911618808076577	4.5849926640117376E-4	6.11332355201565E-4
45-49	0.0	0.0	0.0	0.004759659051212185	6.549989520016768E-4	6.549989520016768E-4
50-54	0.0	0.0	0.0	0.006637322713616991	6.549989520016768E-4	7.423321456019003E-4
55-59	0.0	0.0	0.0	0.009628484594424648	6.768322504017326E-4	9.824984280025152E-4
60-64	0.0	0.0	0.0	0.01307814574163348	7.641654440019562E-4	9.824984280025152E-4
65-69	0.0	0.0	0.0	0.015938307832040803	8.733319360022358E-4	9.824984280025152E-4
70-74	0.0	0.0	0.0	0.019540802068050027	9.824984280025152E-4	9.824984280025152E-4
75-79	0.0	0.0	0.0	0.023907461748061205	9.824984280025152E-4	9.824984280025152E-4
80-84	0.0	0.0	0.0	0.02844878781527283	0.0010916649200027947	9.824984280025152E-4
85-89	0.0	0.0	0.0	0.03257528121288339	0.0010916649200027947	9.824984280025152E-4
90-94	0.0	0.0	0.0	0.03899427094249982	0.0010916649200027947	9.824984280025152E-4
95-99	0.0	0.0	0.0	0.04491109480891497	0.0011571648152029624	9.824984280025152E-4
100-104	0.0	0.0	0.0	0.05082791867533012	0.0013318312024034093	9.824984280025152E-4
105-109	0.0	0.0	0.0	0.056657409348145046	0.0019868301544050866	9.824984280025152E-4
110-114	0.0	0.0	0.0	0.06189740096415845	0.0029474952840075454	9.824984280025152E-4
115-119	0.0	0.0	0.0	0.06956088870257808	0.0036898274296094462	9.824984280025152E-4
120-124	0.0	0.0	0.0	0.07694054356179697	0.00478149234961224	9.824984280025152E-4
125-129	0.0	2.1833298400055895E-5	0.0	0.0841018654370153	0.0064844896248166	9.824984280025152E-4
130-134	0.0	1.0916649200027947E-4	0.0	0.09174351987703486	0.00877698595682247	9.824984280025152E-4
135-139	0.0	1.0916649200027947E-4	0.0	0.10014933976105637	0.010720149514427443	9.824984280025152E-4
140-144	0.0	1.0916649200027947E-4	0.0	0.1083586599594774	0.01270697966883253	9.824984280025152E-4
145-149	0.0	1.0916649200027947E-4	0.0	0.11789981136030184	0.01493397610563823	0.0011571648152029624
150-154	0.0	1.0916649200027947E-4	0.0	0.12803046181792774	0.01737930552644449	0.001200831412003074
155-159	0.0	1.0916649200027947E-4	0.0	0.1369602808635506	0.02017396772165165	0.001200831412003074
160-164	0.0	1.0916649200027947E-4	0.0	0.14440543561796967	0.02255379724725774	0.001200831412003074
165-169	0.0	1.0916649200027947E-4	0.0	0.15165409068678823	0.025654125620065676	0.001200831412003074
170-174	0.0	1.0916649200027947E-4	0.0	0.1590992454412073	0.028383287920072664	0.001200831412003074
175-179	0.0	1.0916649200027947E-4	0.0	0.1682037308740306	0.03209494864808216	0.00122266471040313
180-184	0.0	1.0916649200027947E-4	0.0	0.1770680500244533	0.03512977712568993	0.0013536645008034654
185-189	0.0	1.0916649200027947E-4	0.0	0.18514637043247398	0.0385139383776986	0.001419164396003633
190-194	0.0	1.0916649200027947E-4	0.0	0.19313735764689444	0.041767099839306925	0.001419164396003633
195-199	0.0	1.0916649200027947E-4	0.0	0.2001676797317124	0.045609760357716765	0.001419164396003633
200-204	0.0	1.0916649200027947E-4	0.0	0.2072198351149305	0.04801142318172291	0.001419164396003633
205-209	0.0	1.0916649200027947E-4	0.0	0.2151234891357507	0.05106808495773073	0.001419164396003633
210-214	0.0	1.0916649200027947E-4	0.0	0.22259047718856984	0.054495912806539516	0.001419164396003633
215-219	0.0	1.0916649200027947E-4	0.0	0.2307779640885908	0.05768357437294767	0.001419164396003633
220-224	0.0	1.0916649200027947E-4	0.0	0.23772095297980855	0.06041273667295466	0.001419164396003633
225-229	0.0	1.0916649200027947E-4	0.0	0.24451110878222596	0.06303273248096136	0.001419164396003633
230-234	0.0	1.0916649200027947E-4	0.0	0.25302609515824775	0.06534706211136729	0.001419164396003633
235-239	0.0	1.0916649200027947E-4	0.0	0.26114808216306856	0.06748672535457276	0.001419164396003633
240	0.0	1.0916649200027947E-4	0.0	0.26243624676867183	0.06877488996017607	0.001419164396003633
>>END_MODULE
