##FastQC	0.12.1
>>Basic Statistics	pass
#Measure	Value
Filename	ERR13347003_1.gz
File type	Conventional base calls
Encoding	Sanger / Illumina 1.9
Total Sequences	961785
Total Bases	176.9 Mbp
Sequences flagged as poor quality	0
Sequence length	35-251
%GC	33
>>END_MODULE
>>Per base sequence quality	pass
#Base	Mean	Median	Lower Quartile	Upper Quartile	10th Percentile	90th Percentile
1	33.60226869830576	34.0	34.0	34.0	34.0	34.0
2	33.57955780137973	34.0	34.0	34.0	34.0	34.0
3	33.62394817968673	34.0	34.0	34.0	34.0	34.0
4	33.649275045878234	34.0	34.0	34.0	34.0	34.0
5	33.65161756525627	34.0	34.0	34.0	34.0	34.0
6	37.44440597430819	38.0	38.0	38.0	37.0	38.0
7	37.39830731400469	38.0	38.0	38.0	37.0	38.0
8	37.24518577436745	38.0	38.0	38.0	37.0	38.0
9	37.24004429264337	38.0	38.0	38.0	37.0	38.0
10-14	37.202173874618545	38.0	38.0	38.0	36.0	38.0
15-19	37.162903975420704	38.0	38.0	38.0	36.0	38.0
20-24	37.150098410767484	38.0	38.0	38.0	36.0	38.0
25-29	37.02139854541296	38.0	38.0	38.0	36.0	38.0
30-34	36.95017618282672	38.0	38.0	38.0	36.0	38.0
35-39	36.89587744088937	38.0	38.0	38.0	35.4	38.0
40-44	36.794408955675536	38.0	37.4	38.0	34.8	38.0
45-49	36.775000409886836	38.0	37.2	38.0	35.0	38.0
50-54	36.78089307467314	38.0	37.2	38.0	34.8	38.0
55-59	36.643786369365294	38.0	37.0	38.0	34.2	38.0
60-64	36.60736532475715	38.0	37.0	38.0	34.0	38.0
65-69	36.639068380502074	38.0	37.0	38.0	34.0	38.0
70-74	36.62852836752927	38.0	37.0	38.0	34.2	38.0
75-79	36.5663444834021	38.0	37.0	38.0	34.0	38.0
80-84	36.537684269101234	38.0	37.0	38.0	34.0	38.0
85-89	36.48760818329974	38.0	37.0	38.0	34.0	38.0
90-94	36.51680450096252	38.0	37.0	38.0	34.0	38.0
95-99	36.36053060346107	38.0	37.0	38.0	34.0	38.0
100-104	36.311349837547176	38.0	37.0	38.0	33.6	38.0
105-109	36.377245219803605	38.0	37.0	38.0	33.8	38.0
110-114	36.189621759750466	38.0	37.0	38.0	33.0	38.0
115-119	36.210408460866816	38.0	37.0	38.0	33.2	38.0
120-124	36.063899295045736	38.0	37.0	38.0	32.2	38.0
125-129	35.9995337628864	38.0	37.0	38.0	32.2	38.0
130-134	36.06726709571497	38.0	37.0	38.0	32.0	38.0
135-139	35.92705828117348	38.0	37.0	38.0	31.8	38.0
140-144	35.60870531640903	38.0	36.4	38.0	30.2	38.0
145-149	35.46717621862805	38.0	36.0	38.0	30.0	38.0
150-154	35.392037820926575	38.0	36.0	38.0	29.2	38.0
155-159	35.54702379287672	38.0	36.2	38.0	30.2	38.0
160-164	35.527638894157874	38.0	36.0	38.0	29.8	38.0
165-169	35.29698797321436	38.0	36.0	38.0	28.4	38.0
170-174	35.198732038236116	38.0	36.0	38.0	28.2	38.0
175-179	35.280167839320946	38.0	36.0	38.0	28.2	38.0
180-184	35.059473027587636	38.0	35.6	38.0	28.0	38.0
185-189	34.886024489090836	38.0	35.0	38.0	27.2	38.0
190-194	34.688981061141554	38.0	35.0	38.0	26.2	38.0
195-199	34.29291547727231	37.2	34.6	38.0	24.2	38.0
200-204	34.246285239445044	37.0	34.4	38.0	24.0	38.0
205-209	33.985749001172124	37.0	34.2	38.0	23.4	38.0
210-214	33.62440836625276	37.0	33.4	38.0	22.8	38.0
215-219	33.34389584714481	37.0	32.6	38.0	22.4	38.0
220-224	33.355933959866874	37.0	32.8	37.6	22.4	38.0
225-229	33.64265317316592	37.0	34.0	38.0	22.0	38.0
230-234	33.186037184363514	37.0	32.6	37.6	21.8	38.0
235-239	32.55338148427866	37.0	31.2	37.0	20.2	38.0
240-244	32.24105894236986	36.6	30.8	37.0	20.0	37.6
245-249	31.74999814932289	36.4	29.4	37.0	19.2	37.2
250-251	28.33635328003001	31.0	23.0	35.5	14.0	37.5
>>END_MODULE
>>Per sequence quality scores	pass
#Quality	Count
2	740.0
3	0.0
4	0.0
5	0.0
6	0.0
7	0.0
8	0.0
9	0.0
10	0.0
11	0.0
12	1.0
13	11.0
14	19.0
15	36.0
16	73.0
17	194.0
18	301.0
19	487.0
20	726.0
21	931.0
22	1296.0
23	1822.0
24	2323.0
25	3109.0
26	4289.0
27	5635.0
28	7842.0
29	10989.0
30	15193.0
31	20920.0
32	28206.0
33	38582.0
34	54226.0
35	80800.0
36	150523.0
37	532511.0
>>END_MODULE
>>Per base sequence content	fail
#Base	G	A	T	C
1	33.26576799213356	29.71109573433086	16.577995827458654	20.445140446076927
2	11.667195604784375	23.555712791804755	46.88042703515444	17.89666456825643
3	13.583443022959383	32.76547924394799	36.358026939425315	17.293050793667312
4	9.455124369826596	21.698151491345357	49.28499706049144	19.561727078336602
5	8.906138630345094	40.878730964731105	41.23938004984158	8.975750355082228
6	19.44716428471091	48.726022194590264	22.402697064133314	9.424116456565509
7	18.43066661810841	37.47202264201989	30.642997986566705	13.454312753304995
8	17.931834617525713	42.81953498535449	25.255112923952574	13.99351747316723
9	20.282088767955713	20.417982508623425	29.860828577225835	29.43910014619503
10-14	18.609139010140005	28.71132985448132	34.56955709670203	18.10997403867665
15-19	16.69318294148557	34.84881561217217	31.990884922142044	16.46711652420022
20-24	16.7062936699114	33.21494831147345	33.542508415318736	16.53624960329641
25-29	16.930403883272895	33.18722848565884	33.10565061989813	16.776717011170135
30-34	16.8916752077166	33.22882903506079	33.14148661092873	16.738009146293876
35-39	16.88086802323244	33.22350215104002	33.10474866066435	16.790881165063183
40-44	16.95298185416361	33.17546075257962	33.05958022991331	16.81197716334346
45-49	16.990549863355707	33.12219873949183	33.08635520376956	16.800896193382908
50-54	16.855033626797677	33.15039516081674	33.15979520162771	16.83477601075787
55-59	16.925565840744955	33.01093633825192	33.03275075792351	17.030747063079605
60-64	16.925634469688852	33.14707165528254	33.06542994112368	16.861863933904925
65-69	16.876063131731815	33.0909823515539	33.067009534868994	16.965944981845293
70-74	16.849364028906407	33.028686109505756	33.17514384319678	16.946806018391054
75-79	16.97537303168923	33.054485398510145	33.04106290271627	16.929078667084354
80-84	16.824257912105818	33.065369723390646	33.19911308679817	16.911259277705362
85-89	16.974361879298037	33.00442974157953	33.042722648328365	16.97848573079407
90-94	16.96509593264714	33.070247250465975	33.03346641753537	16.931190399351518
95-99	16.851645795357236	33.09632114955977	33.05531690340985	16.996716151673137
100-104	16.903587492562842	33.011312583232446	33.050389686885175	17.03471023731954
105-109	16.98080544435354	33.06477083604331	32.99798073614993	16.956442983453222
110-114	16.81137892738934	33.057703951822894	33.10110271637491	17.029814404412853
115-119	16.918109288546855	32.98050536188425	33.05597504360626	17.045410305962637
120-124	16.956522533150952	33.02921969414534	33.01909706686439	16.99516070583932
125-129	16.830329850032122	33.051390078833734	33.08809306806449	17.030187003069656
130-134	16.912511868523612	32.95186950422281	33.031392399902934	17.10422622735064
135-139	16.950638287004256	32.95283472644538	33.01064024507043	17.085886741479932
140-144	16.811280016902934	32.94556470610958	33.13344012773188	17.109715149255607
145-149	16.911301215668615	32.879046562857894	32.992303485037574	17.217348736435913
150-154	16.929902090913348	32.952544543169004	33.001264854229454	17.11628851168819
155-159	16.863158350549178	32.91078169145393	33.08117896949233	17.144880988504564
160-164	16.934012542697243	32.91272387102514	32.95543365818859	17.197829928089025
165-169	16.896109824904514	32.85564787202809	33.03936416138887	17.208878141678536
170-174	16.833665462138214	32.94159504484188	33.008116641000804	17.216622852019096
175-179	16.92264894014128	32.920972348544595	32.866415998323404	17.289962712990715
180-184	16.947321650427792	32.91729205741493	32.91450537558666	17.220880916570618
185-189	16.825837065699417	32.947649925017906	32.97388261014012	17.252630399142557
190-194	16.95991352310763	32.80483563301703	32.92177294310858	17.313477900766767
195-199	16.86576295756822	32.86052203943765	33.02202753040785	17.251687472586283
200-204	16.874615741389913	32.947636562364046	32.906828747397824	17.270918948848212
205-209	16.866203344041544	32.8369295660958	32.91097720014091	17.38588988972175
210-214	16.796565796304527	32.859882957483016	32.98096810923451	17.362583136977943
215-219	16.737415822266975	32.987702183900815	32.88650009440494	17.388381899427277
220-224	16.850271576997713	32.868686625715284	32.88039996883414	17.400641828452862
225-229	16.840826258637172	32.85478581003348	32.88518931338574	17.419198617943604
230-234	16.69398115638353	32.95970342550753	32.88226853787828	17.46404688023066
235-239	16.699336735230926	32.81061223630518	32.853594038921045	17.636456989542847
240-244	16.667627572369852	32.9868408515607	32.85811994652105	17.487411629548397
245-249	16.72712656573681	33.04801813733872	32.843954146808706	17.380901150115758
250-251	18.451133441334072	37.905238791146964	36.37793461801347	7.2656931495055
>>END_MODULE
>>Per sequence GC content	pass
#GC Content	Count
0	740.0
1	370.0
2	0.0
3	0.0
4	0.0
5	0.0
6	0.5
7	1.0
8	1.0
9	3.0
10	9.5
11	14.5
12	25.833333333333332
13	45.0
14	87.83333333333334
15	172.33333333333331
16	307.0
17	491.33333333333303
18	793.3333333333339
19	1362.1666666666663
20	2186.1666666666565
21	3371.0000000000496
22	5091.33333333331
23	7367.333333332966
24	10294.50000000012
25	13980.500000001595
26	18678.83333333413
27	24386.499999996042
28	30826.66666665623
29	37965.83333333035
30	44246.166666677906
31	50339.166666692814
32	55188.16666670598
33	58397.833333381284
34	59177.16666671695
35	57967.66666671331
36	54668.83333337136
37	49253.833333356815
38	42489.83333334039
39	35724.833333325754
40	29037.999999990978
41	22614.666666664107
42	17368.500000001557
43	12826.333333334253
44	9339.66666666658
45	6721.99999999979
46	4767.66666666667
47	3592.666666666739
48	2828.3333333333703
49	2199.833333333313
50	1792.1666666666358
51	1539.833333333308
52	1137.666666666671
53	833.1666666666762
54	685.333333333337
55	535.4999999999977
56	389.4999999999993
57	305.5000000000001
58	247.6666666666674
59	163.16666666666666
60	111.66666666666664
61	64.83333333333336
62	31.0
63	18.666666666666664
64	11.999999999999998
65	9.666666666666666
66	6.999999999999999
67	6.833333333333333
68	6.833333333333333
69	8.166666666666666
70	5.833333333333333
71	3.5000000000000004
72	2.5
73	2.8333333333333335
74	2.6666666666666665
75	1.3333333333333333
76	0.6666666666666666
77	0.6666666666666666
78	0.6666666666666666
79	0.6666666666666666
80	0.6666666666666666
81	0.0
82	0.3333333333333333
83	0.8333333333333333
84	0.8333333333333333
85	0.3333333333333333
86	0.3333333333333333
87	0.0
88	0.0
89	0.0
90	0.3333333333333333
91	0.3333333333333333
92	0.3333333333333333
93	0.0
94	0.0
95	0.0
96	0.0
97	0.0
98	0.0
99	0.0
100	0.0
>>END_MODULE
>>Per base N content	pass
#Base	N-Count
1	0.07694027251412738
2	0.07694027251412738
3	0.07694027251412738
4	0.07694027251412738
5	0.07694027251412738
6	0.07694027251412738
7	0.07694027251412738
8	0.07694027251412738
9	0.07694027251412738
10-14	0.07694027251412738
15-19	0.07694027251412738
20-24	0.07694027251412738
25-29	0.07694027251412738
30-34	0.07694027251412738
35-39	0.01541203984387187
40-44	0.0
45-49	0.0
50-54	0.0
55-59	0.0
60-64	0.0
65-69	0.0
70-74	0.0
75-79	0.0
80-84	0.0
85-89	0.0
90-94	0.0
95-99	0.0
100-104	0.0
105-109	0.0
110-114	0.0
115-119	0.0
120-124	0.0
125-129	0.0
130-134	0.0
135-139	0.0
140-144	0.0
145-149	0.0
150-154	0.0
155-159	0.0
160-164	0.0
165-169	0.0
170-174	0.0
175-179	0.0
180-184	0.0
185-189	0.0
190-194	0.0
195-199	0.0
200-204	0.0
205-209	0.0
210-214	0.0
215-219	0.0
220-224	0.0
225-229	0.0
230-234	0.0
235-239	0.0
240-244	0.0
245-249	0.0
250-251	1.8881212626999756E-4
>>END_MODULE
>>Sequence Length Distribution	warn
#Length	Count
35-39	3475.0
40-44	3842.0
45-49	5254.0
50-54	5959.0
55-59	6764.0
60-64	7889.0
65-69	8750.0
70-74	9773.0
75-79	10654.0
80-84	11888.0
85-89	12510.0
90-94	14142.0
95-99	15041.0
100-104	16504.0
105-109	17225.0
110-114	18639.0
115-119	18975.0
120-124	20022.0
125-129	20011.0
130-134	21186.0
135-139	21284.0
140-144	21498.0
145-149	21466.0
150-154	21633.0
155-159	21008.0
160-164	20999.0
165-169	20844.0
170-174	20159.0
175-179	19921.0
180-184	19043.0
185-189	18723.0
190-194	17911.0
195-199	17150.0
200-204	16460.0
205-209	16303.0
210-214	15617.0
215-219	14951.0
220-224	14413.0
225-229	13639.0
230-234	13258.0
235-239	12567.0
240-244	11906.0
245-249	31365.0
250-252	291164.0
>>END_MODULE
>>Sequence Duplication Levels	pass
#Total Deduplicated Percentage	71.40426686291019
#Duplication Level	Percentage of total
1	54.09148160503781
2	22.46324467375502
3	10.684238574427924
4	5.488133070824564
5	2.8474364278256012
6	1.5399657055488016
7	0.9637718557609323
8	0.585479132335706
9	0.350619336856658
>10	0.9087266085646412
>50	0.0
>100	0.0
>500	0.07690300906236977
>1k	0.0
>5k	0.0
>10k+	0.0
>>END_MODULE
>>Overrepresented sequences	pass
>>END_MODULE
>>Adapter Content	pass
#Position	Illumina Universal Adapter	Illumina Small RNA 3' Adapter	Illumina Small RNA 5' Adapter	Nextera Transposase Sequence	PolyA	PolyG
1	0.0	0.0	0.0	0.0	0.0	0.006966213862765587
2	0.0	0.0	0.0	0.0	0.0	0.006966213862765587
3	0.0	0.0	0.0	0.0	0.0	0.006966213862765587
4	0.0	0.0	0.0	0.0	0.0	0.006966213862765587
5	0.0	0.0	0.0	0.0	0.0	0.006966213862765587
6	0.0	0.0	0.0	0.0	0.0	0.007070187204000894
7	0.0	0.0	0.0	0.0	0.0	0.007070187204000894
8	0.0	0.0	0.0	0.0	0.0	0.007070187204000894
9	0.0	0.0	0.0	0.0	0.0	0.007070187204000894
10-14	0.0	0.0	0.0	0.0	0.0	0.007070187204000894
15-19	0.0	0.0	0.0	0.0	0.0	0.007070187204000894
20-24	0.0	0.0	0.0	0.0	0.0	0.007070187204000894
25-29	0.0	0.0	0.0	0.0	2.0794668247061453E-4	0.007070187204000894
30-34	0.0	0.0	0.0	2.0794668247061454E-5	3.3271469195298326E-4	0.007070187204000894
35-39	0.0	0.0	0.0	3.1192002370592176E-4	4.1589336494122906E-4	0.007070187204000894
40-44	0.0	0.0	0.0	8.109920616353967E-4	4.1589336494122906E-4	0.007070187204000894
45-49	0.0	0.0	0.0	0.0016843681280119776	4.1589336494122906E-4	0.007070187204000894
50-54	0.0	0.0	0.0	0.002640922867376805	4.1589336494122906E-4	0.007070187204000894
55-59	0.0	0.0	0.0	0.004096549644671107	6.030453791647822E-4	0.007070187204000894
60-64	0.0	0.0	0.0	0.005468997748977163	6.238400474118436E-4	0.007070187204000894
65-69	0.0	0.0	0.0	0.006924624526271464	6.238400474118436E-4	0.007070187204000894
70-74	0.0	0.0	0.0	0.00914965402870704	6.238400474118436E-4	0.007070187204000894
75-79	0.0	0.0	0.0	0.010709254147236646	6.238400474118436E-4	0.007070187204000894
80-84	0.0	0.0	0.0	0.012788720971942794	6.238400474118436E-4	0.007090981872247955
85-89	0.0	0.0	0.0	0.016136662559719687	6.862240521530279E-4	0.0071741605452362005
90-94	0.0	0.0	0.0	0.01900632677781417	7.901973933883352E-4	0.0071741605452362005
95-99	0.0	0.0	0.0	0.022250295024355753	8.317867298824581E-4	0.0071741605452362005
100-104	0.0	0.0	0.0	0.02634684466902686	8.941707346236425E-4	0.0071741605452362005
105-109	0.0	0.0	0.0	0.030401804977203843	0.0016635734597649162	0.0071741605452362005
110-114	0.0	0.0	0.0	0.03520537334227504	0.0022250295024355752	0.0071741605452362005
115-119	0.0	0.0	0.0	0.040466424408781586	0.0031399949053062793	0.0071741605452362005
120-124	0.0	0.0	0.0	0.04597701149425287	0.004637211019094705	0.0071741605452362005
125-129	0.0	0.0	0.0	0.05196587594940657	0.006176016469377252	0.0071741605452362005
130-134	0.0	0.0	0.0	0.058620169788466236	0.007382107227706816	0.0071741605452362005
135-139	0.0	0.0	0.0	0.06575274099720832	0.009295216706436469	0.0071741605452362005
140-144	0.0	0.0	0.0	0.07224067749029148	0.011000379502695511	0.007236544549977386
145-149	0.0	0.0	0.0	0.078167157940704	0.012539184952978056	0.007278133886471509
150-154	0.0	0.0	0.0	0.0852373451447049	0.014140374408001788	0.007278133886471509
155-159	0.0	0.0	0.0	0.09297296173261176	0.016926859953108022	0.007278133886471509
160-164	0.0	0.0	0.0	0.10004314893661266	0.020378774882120223	0.007278133886471509
165-169	0.0	0.0	0.0	0.10698856813113118	0.02289492974001466	0.007278133886471509
170-174	0.0	0.0	0.0	0.1144330593635792	0.02690830071169752	0.0073613125594597555
175-179	0.0	0.0	0.0	0.12322920403208618	0.0313999490530628	0.007382107227706816
180-184	0.0	0.0	0.0	0.13210852737358142	0.03516378400578092	0.007382107227706816
185-189	0.0	0.0	0.0	0.13942825059654704	0.03967622701539325	0.007382107227706816
190-194	0.0	0.0	0.0	0.14656082180528912	0.043772776660064364	0.007382107227706816
195-199	0.0	0.0	0.0	0.15546093981503145	0.04980323045171218	0.007382107227706816
200-204	0.0	0.0	0.0	0.16319655640293831	0.05755964170786611	0.007382107227706816
205-209	0.0	0.0	0.0	0.17007959159271566	0.06450506090238463	0.007382107227706816
210-214	0.0	0.0	0.0	0.17725375213795183	0.07122173874618547	0.007382107227706816
215-219	0.0	0.0	0.0	0.1864865848396471	0.0774601392203039	0.007382107227706816
220-224	0.0	0.0	0.0	0.19526193483990706	0.0844263530830695	0.007382107227706816
225-229	0.0	0.0	0.0	0.20312231943729628	0.09095587891264681	0.007382107227706816
230-234	0.0	0.0	0.0	0.21137780273137965	0.09773494076118883	0.007382107227706816
235-239	0.0	0.0	0.0	0.21894706197331004	0.1044932079414838	0.007382107227706816
240	0.0	0.0	0.0	0.22000759005391018	0.10937995497954324	0.007382107227706816
>>END_MODULE
