##FastQC	0.12.1
>>Basic Statistics	pass
#Measure	Value
Filename	ERR13346995_2.gz
File type	Conventional base calls
Encoding	Sanger / Illumina 1.9
Total Sequences	650232
Total Bases	129.6 Mbp
Sequences flagged as poor quality	0
Sequence length	35-251
%GC	33
>>END_MODULE
>>Per base sequence quality	pass
#Base	Mean	Median	Lower Quartile	Upper Quartile	10th Percentile	90th Percentile
1	33.265283775637	34.0	34.0	34.0	34.0	34.0
2	33.318649343618894	34.0	34.0	34.0	34.0	34.0
3	33.382920250003075	34.0	34.0	34.0	34.0	34.0
4	33.42007006729906	34.0	34.0	34.0	34.0	34.0
5	33.431601336138485	34.0	34.0	34.0	34.0	34.0
6	37.16102714108195	38.0	38.0	38.0	37.0	38.0
7	37.155323023167114	38.0	38.0	38.0	37.0	38.0
8	37.05501882405049	38.0	38.0	38.0	36.0	38.0
9	37.136263672043206	38.0	38.0	38.0	37.0	38.0
10-14	36.94412824960936	38.0	38.0	38.0	36.2	38.0
15-19	36.89780755176614	38.0	38.0	38.0	35.6	38.0
20-24	37.06449574920951	38.0	38.0	38.0	36.2	38.0
25-29	37.00377711339952	38.0	38.0	38.0	36.0	38.0
30-34	36.94398706923067	38.0	38.0	38.0	35.8	38.0
35-39	36.87074807167653	38.0	38.0	38.0	35.6	38.0
40-44	36.82280052666368	38.0	38.0	38.0	35.8	38.0
45-49	36.98712821837448	38.0	38.0	38.0	36.0	38.0
50-54	37.01438656604084	38.0	38.0	38.0	36.0	38.0
55-59	36.894354229649075	38.0	38.0	38.0	35.8	38.0
60-64	36.89796194115594	38.0	38.0	38.0	35.8	38.0
65-69	36.80291615927846	38.0	37.8	38.0	35.2	38.0
70-74	36.748428704620665	38.0	37.6	38.0	35.2	38.0
75-79	36.711664038477736	38.0	37.4	38.0	34.8	38.0
80-84	36.58369035880396	38.0	37.0	38.0	34.0	38.0
85-89	36.654940337541284	38.0	37.0	38.0	34.4	38.0
90-94	36.64109577693894	38.0	37.0	38.0	34.4	38.0
95-99	36.61795333237285	38.0	37.0	38.0	34.4	38.0
100-104	36.50175453861235	38.0	37.0	38.0	34.2	38.0
105-109	36.28836357041122	38.0	37.0	38.0	33.6	38.0
110-114	36.184427059388454	38.0	37.0	38.0	33.2	38.0
115-119	36.189565437017485	38.0	37.0	38.0	33.0	38.0
120-124	36.239035402929545	38.0	37.0	38.0	33.6	38.0
125-129	36.260719255920456	38.0	37.0	38.0	33.8	38.0
130-134	36.11183276543905	38.0	37.0	38.0	32.6	38.0
135-139	36.05095510818459	38.0	37.0	38.0	32.4	38.0
140-144	36.054362819642265	38.0	37.0	38.0	32.6	38.0
145-149	35.88008799650744	38.0	37.0	38.0	31.6	38.0
150-154	35.671076311419576	38.0	36.4	38.0	30.4	38.0
155-159	35.5792026674669	38.0	36.4	38.0	29.8	38.0
160-164	35.377031378860266	38.0	36.2	38.0	29.2	38.0
165-169	35.391592661334585	38.0	36.0	38.0	29.2	38.0
170-174	35.050496228893465	38.0	35.4	38.0	27.4	38.0
175-179	35.11476680503348	38.0	35.6	38.0	27.4	38.0
180-184	35.402946421702005	38.0	36.0	38.0	28.2	38.0
185-189	35.06607779502088	38.0	35.2	38.0	28.0	38.0
190-194	34.61685511434064	37.4	35.0	38.0	26.2	38.0
195-199	34.11113514691191	37.0	34.6	38.0	24.0	38.0
200-204	33.97458139137939	37.0	34.4	37.8	23.6	38.0
205-209	34.37105393721839	37.0	35.0	38.0	24.4	38.0
210-214	33.9759485986272	37.0	34.4	37.4	24.2	37.8
215-219	33.58393612304995	37.0	33.6	37.0	23.4	37.8
220-224	33.324792245847284	37.0	33.0	37.0	22.6	37.6
225-229	32.727451852210045	36.8	31.4	37.0	21.4	37.4
230-234	32.08340351703619	36.2	30.6	37.0	20.0	37.2
235-239	31.71018776378932	35.8	29.4	37.0	19.8	37.0
240-244	31.07537611916006	35.0	28.0	37.0	18.6	37.0
245-249	30.655803667922743	34.6	27.4	37.0	17.4	37.0
250-251	26.706814549941363	29.0	20.5	34.5	13.0	36.5
>>END_MODULE
>>Per sequence quality scores	pass
#Quality	Count
2	357.0
3	0.0
4	0.0
5	0.0
6	0.0
7	0.0
8	0.0
9	0.0
10	0.0
11	0.0
12	12.0
13	49.0
14	175.0
15	327.0
16	442.0
17	512.0
18	491.0
19	598.0
20	663.0
21	940.0
22	1059.0
23	1472.0
24	1981.0
25	2421.0
26	3109.0
27	4347.0
28	5535.0
29	7351.0
30	9617.0
31	12975.0
32	17095.0
33	23871.0
34	33968.0
35	53090.0
36	107503.0
37	360272.0
>>END_MODULE
>>Per base sequence content	fail
#Base	G	A	T	C
1	32.82123485285632	29.50428928640123	16.794768224658586	20.879707636083864
2	11.361877284093094	23.440661665704944	47.09582612040777	18.10163492979419
3	13.185304866320447	32.83846893633391	36.66366608963262	17.312560107713022
4	9.167609155606847	21.915753029428735	49.68909405654934	19.22754375841508
5	8.632429313329485	41.01742642815926	41.462896710905945	8.887247547605309
6	19.10151952298519	48.73460280823235	22.811155991536832	9.352721677245626
7	18.110713598768992	37.48351606078092	31.037353337180228	13.368417003269858
8	18.11686862858242	42.317984227736105	25.43089055587613	14.134256587805346
9	20.385304866320446	20.324370071167532	29.69170994422004	29.598615118291978
10-14	18.365685708790153	28.646155029813425	34.927732256203115	18.060427005193304
15-19	16.548536256972497	34.64370840546259	32.328124639353724	16.479630698211196
20-24	16.56970955953068	33.133479515291405	33.71820734756684	16.57860357761108
25-29	16.852379303712254	33.08491633006347	33.28689363339103	16.77581073283324
30-34	16.761254087324485	33.09248701673398	33.36312367763031	16.783135218311212
35-39	16.771343418882214	33.07594460800027	33.308176425976335	16.84453554714118
40-44	16.83079650081283	32.956799579327296	33.327943258559415	16.88446066130046
45-49	16.91996499172453	32.982177717752585	33.25919245762303	16.838664832899855
50-54	16.828956235229818	32.94248440299736	33.32178114820025	16.906778213572576
55-59	16.85979397190923	32.80270215084099	33.29833547134108	17.039168405908693
60-64	16.921806169125066	32.986780714666146	33.18814319123361	16.903269924975177
65-69	16.785698889644433	32.918312229329786	33.24487073751939	17.051118143506386
70-74	16.83399821818245	32.828516676451365	33.302644717290754	17.03484038807543
75-79	16.852348437559712	32.998191059758724	33.19972228945592	16.949738213225647
80-84	16.767330757795172	32.84471878362753	33.37326540070787	17.014685057869425
85-89	16.852838154783168	32.9479406264194	33.10043174026403	17.09878947853341
90-94	16.918559382213992	32.9456295991365	33.192395626777554	16.943415391871955
95-99	16.74130807056199	33.048242045040496	33.18621388534368	17.024235999053833
100-104	16.856432914225255	32.83617341433669	33.24575403642619	17.061639635011865
105-109	16.857895215970814	32.8814090784953	33.26597907556197	16.994716629971915
110-114	16.762285865060385	32.96104164202988	33.23675714546445	17.039915347445284
115-119	16.763480438923022	32.85636476543013	33.273188991538625	17.106965804108228
120-124	16.822717791942953	32.935575074771315	33.237056967178155	17.00465016610757
125-129	16.76394458242815	32.97603004259525	33.2216394472587	17.038385927717894
130-134	16.787882575720197	32.779135586015784	33.26820239712547	17.164779441138556
135-139	16.874033331368597	32.83968726381203	33.210798486009466	17.07548091880991
140-144	16.75607528922508	32.89886688100345	33.26747736582228	17.077580463949193
145-149	16.810385014334127	32.72877353798358	33.27557292615497	17.185268521527323
150-154	16.812588944498632	32.84554438030669	33.25548857512912	17.08637810006556
155-159	16.758842227362006	32.86907049368599	33.275726172320084	17.09636110663192
160-164	16.753296624319084	32.753121270840616	33.28301756358987	17.21056454125043
165-169	16.84192225164225	32.82793706840973	33.19347861055193	17.136662069396095
170-174	16.677556580284268	32.845438406484824	33.34903922378661	17.127965789444303
175-179	16.809888548925894	32.65684534292904	33.219234691880715	17.314031416264353
180-184	16.82636141035407	32.87088660976671	33.11152100695071	17.191230972928512
185-189	16.690052118251096	32.79560690273794	33.34513640641544	17.16920457259552
190-194	16.804935206414758	32.69903601332607	33.239172567548735	17.256856212710435
195-199	16.803160358647677	32.843112339138045	33.18387060094079	17.16985670127348
200-204	16.732165023335483	32.80681688827697	33.230704184125365	17.230313904262182
205-209	16.833573052735463	32.753913314099705	33.11800643176969	17.29450720139514
210-214	16.775082392663208	32.81935245373157	33.18211810804741	17.22344704555782
215-219	16.672964161945547	32.80738735242686	33.249273285063886	17.270375200563713
220-224	16.78347732517276	32.64304329707103	33.22858937756962	17.3448900001866
225-229	16.789764825859884	32.643352699403565	33.257298330191496	17.309584144545052
230-234	16.574670745297006	32.657118296951765	33.36647720641831	17.401733751332923
235-239	16.679772639561353	32.740124091355646	33.15532683580851	17.424776433274488
240-244	16.672732564001176	32.725313525854666	33.16920850407821	17.432745406065944
245-249	16.67793343710622	32.75739381810096	33.2317841523979	17.33288859239493
250-251	17.811869125194306	37.30157501730241	37.75088502130464	7.135670836198643
>>END_MODULE
>>Per sequence GC content	pass
#GC Content	Count
0	357.0
1	178.5
2	0.0
3	0.0
4	0.0
5	0.0
6	0.0
7	0.0
8	0.8333333333333333
9	1.3333333333333333
10	3.8333333333333335
11	7.333333333333333
12	13.0
13	26.5
14	39.50000000000001
15	71.0
16	154.6666666666667
17	261.16666666666686
18	420.66666666666566
19	715.3333333333356
20	1221.1666666666665
21	1993.6666666666254
22	3011.833333333404
23	4405.166666666802
24	6131.999999999645
25	8211.499999999005
26	10966.83333333404
27	14467.000000002887
28	18470.833333334944
29	23211.49999999508
30	27717.166666655234
31	31700.66666664843
32	34909.33333331939
33	37054.16666665924
34	37566.166666661185
35	36635.999999991145
36	34446.33333331767
37	30851.333333315826
38	26672.833333322833
39	21934.666666663423
40	17457.500000002732
41	13648.166666668847
42	10146.833333333547
43	7248.999999999497
44	5123.9999999999545
45	3579.3333333334317
46	2554.666666666672
47	1948.3333333333026
48	1540.333333333313
49	1257.1666666666647
50	1063.8333333333474
51	914.1666666666795
52	680.3333333333378
53	529.6666666666619
54	413.8333333333306
55	296.00000000000017
56	210.83333333333377
57	164.3333333333334
58	133.49999999999974
59	81.16666666666664
60	51.66666666666668
61	31.499999999999993
62	15.333333333333336
63	11.000000000000002
64	7.499999999999998
65	7.833333333333331
66	5.833333333333333
67	4.833333333333333
68	3.166666666666667
69	0.6666666666666666
70	1.9999999999999998
71	1.3333333333333333
72	0.6666666666666666
73	0.5
74	1.1666666666666665
75	0.3333333333333333
76	1.0
77	0.3333333333333333
78	0.0
79	0.6666666666666666
80	0.6666666666666666
81	0.0
82	0.3333333333333333
83	1.0
84	1.3333333333333333
85	1.0
86	0.0
87	0.6666666666666666
88	0.3333333333333333
89	0.0
90	0.0
91	0.3333333333333333
92	0.6666666666666666
93	0.6666666666666666
94	0.6666666666666666
95	1.3333333333333333
96	1.0
97	0.0
98	0.3333333333333333
99	0.3333333333333333
100	1.0
>>END_MODULE
>>Per base N content	pass
#Base	N-Count
1	0.05490348060384601
2	0.05490348060384601
3	0.05490348060384601
4	0.05490348060384601
5	0.05490348060384601
6	0.05490348060384601
7	0.05490348060384601
8	0.05490348060384601
9	0.05490348060384601
10-14	0.05490348060384601
15-19	0.05490348060384601
20-24	0.05490348060384601
25-29	0.05490348060384601
30-34	0.05490348060384601
35-39	0.010991467296228356
40-44	0.0
45-49	0.0
50-54	0.0
55-59	0.0
60-64	0.0
65-69	0.0
70-74	0.0
75-79	0.0
80-84	0.0
85-89	0.0
90-94	0.0
95-99	0.0
100-104	0.0
105-109	0.0
110-114	0.0
115-119	0.0
120-124	0.0
125-129	0.0
130-134	0.0
135-139	0.0
140-144	0.0
145-149	0.0
150-154	0.0
155-159	0.0
160-164	0.0
165-169	0.0
170-174	0.0
175-179	0.0
180-184	0.0
185-189	0.0
190-194	0.0
195-199	0.0
200-204	0.0
205-209	0.0
210-214	0.0
215-219	0.0
220-224	0.0
225-229	0.0
230-234	0.0
235-239	0.0
240-244	0.0
245-249	0.0
250-251	0.0
>>END_MODULE
>>Sequence Length Distribution	warn
#Length	Count
35-39	1490.0
40-44	1669.0
45-49	2127.0
50-54	2304.0
55-59	2735.0
60-64	2989.0
65-69	3436.0
70-74	3904.0
75-79	4135.0
80-84	4767.0
85-89	5210.0
90-94	5910.0
95-99	6403.0
100-104	7011.0
105-109	7600.0
110-114	8552.0
115-119	8754.0
120-124	9563.0
125-129	10106.0
130-134	10959.0
135-139	11198.0
140-144	11767.0
145-149	12313.0
150-154	12657.0
155-159	13040.0
160-164	12976.0
165-169	13488.0
170-174	13469.0
175-179	13215.0
180-184	13420.0
185-189	13152.0
190-194	13075.0
195-199	12886.0
200-204	12320.0
205-209	12247.0
210-214	11855.0
215-219	11504.0
220-224	11061.0
225-229	10834.0
230-234	10437.0
235-239	10007.0
240-244	9507.0
245-249	26004.0
250-252	248176.0
>>END_MODULE
>>Sequence Duplication Levels	pass
#Total Deduplicated Percentage	78.23603867885879
#Duplication Level	Percentage of total
1	63.505481977852405
2	20.9576486202528
3	8.238870546284781
4	3.5883586157989824
5	1.6685991704771765
6	0.8273074728827483
7	0.42168806525757524
8	0.2682623630399938
9	0.1477743816296117
>10	0.32111075114888327
>50	0.0
>100	0.054898035375029915
>500	0.0
>1k	0.0
>5k	0.0
>10k+	0.0
>>END_MODULE
>>Overrepresented sequences	pass
>>END_MODULE
>>Adapter Content	pass
#Position	Illumina Universal Adapter	Illumina Small RNA 3' Adapter	Illumina Small RNA 5' Adapter	Nextera Transposase Sequence	PolyA	PolyG
1	0.0	0.0	0.0	0.0	0.0	0.0
2	0.0	0.0	0.0	0.0	0.0	0.0
3	0.0	0.0	0.0	0.0	0.0	0.0
4	0.0	0.0	0.0	0.0	0.0	0.0
5	0.0	0.0	0.0	0.0	0.0	0.0
6	0.0	0.0	0.0	0.0	0.0	0.0
7	0.0	0.0	0.0	0.0	0.0	0.0
8	0.0	0.0	0.0	0.0	0.0	0.0
9	0.0	0.0	0.0	0.0	0.0	0.0
10-14	0.0	0.0	0.0	0.0	0.0	0.0
15-19	0.0	0.0	0.0	0.0	0.0	2.768242719521648E-4
20-24	0.0	0.0	0.0	0.0	0.0	3.075825243912942E-4
25-29	0.0	0.0	0.0	0.0	0.0	3.075825243912942E-4
30-34	0.0	0.0	0.0	0.0	1.2303300975651768E-4	3.075825243912942E-4
35-39	0.0	0.0	0.0	2.4606601951303536E-4	1.537912621956471E-4	3.075825243912942E-4
40-44	0.0	0.0	0.0	6.459233012217177E-4	2.1530776707390594E-4	3.075825243912942E-4
45-49	0.0	0.0	0.0	0.001322604854882565	3.075825243912942E-4	3.075825243912942E-4
50-54	0.0	0.0	0.0	0.0017839786414695059	3.998572817086824E-4	3.075825243912942E-4
55-59	0.0	0.0	0.0	0.002368385437812965	7.074398060999767E-4	4.6137378658694125E-4
60-64	0.0	0.0	0.0	0.003106583496352071	8.919893207347529E-4	4.6137378658694125E-4
65-69	0.0	0.0	0.0	0.0037525067975737888	9.227475731738825E-4	4.6137378658694125E-4
70-74	0.0	0.0	0.0	0.005105869904895483	9.842640780521415E-4	4.6137378658694125E-4
75-79	0.0	0.0	0.0	0.005751793206117202	0.0010765388353695296	4.6137378658694125E-4
80-84	0.0	0.0	0.0	0.006551507769534566	0.0010765388353695296	4.6137378658694125E-4
85-89	0.0	0.0	0.0	0.008550794178077978	0.0012303300975651768	4.6137378658694125E-4
90-94	0.0	0.0	0.0	0.010673113596377909	0.0012303300975651768	4.6137378658694125E-4
95-99	0.0	0.0	0.0	0.01211875146101699	0.0012303300975651768	4.6137378658694125E-4
100-104	0.0	0.0	0.0	0.01427182913175605	0.0013226048548825651	4.6137378658694125E-4
105-109	0.0	0.0	0.0	0.01728613787079073	0.0015071543695173416	4.6137378658694125E-4
110-114	0.0	0.0	0.0	0.02005438059031238	0.0016301873792738592	4.6137378658694125E-4
115-119	0.0	0.0	0.0	0.02229973301836883	0.0023991436902520945	4.6137378658694125E-4
120-124	0.0	0.0	0.0	0.025037217485451346	0.003075825243912942	4.6137378658694125E-4
125-129	0.0	0.0	0.0	0.028297592243999064	0.003229616506108589	4.6137378658694125E-4
130-134	0.0	0.0	0.0	0.0322038903037685	0.0038447815548911775	4.6137378658694125E-4
135-139	0.0	0.0	0.0	0.036325496130611847	0.004213880584160731	4.6137378658694125E-4
140-144	0.0	0.0	0.0	0.04075468448184648	0.004859803885382448	4.6137378658694125E-4
145-149	0.0	0.0	0.0	0.044107333997711586	0.005382694176847648	4.6137378658694125E-4
150-154	0.0	0.0	0.0	0.04869031361114187	0.0061208922353867545	4.6137378658694125E-4
155-159	0.0	0.0	0.0	0.055149546623359046	0.006674540779291084	4.6137378658694125E-4
160-164	0.0	0.0	0.0	0.060163141770937144	0.008489277673199718	4.6137378658694125E-4
165-169	0.0	0.0	0.0	0.06563811070510218	0.009904157285399671	4.6137378658694125E-4
170-174	0.0	0.0	0.0	0.07191279420268458	0.010703871848817038	4.6137378658694125E-4
175-179	0.0	0.0	0.0	0.07751079614660614	0.01211875146101699	4.6137378658694125E-4
180-184	0.0	0.0	0.0	0.0839700291588233	0.013625905830534333	4.6137378658694125E-4
185-189	0.0	0.0	0.0	0.09039850391860137	0.014640928161025604	4.6137378658694125E-4
190-194	0.0	0.0	0.0	0.09593498935764466	0.016547939812251628	4.6137378658694125E-4
195-199	0.0	0.0	0.0	0.10230194761254445	0.018824050492747206	5.536485439043296E-4
200-204	0.0	0.0	0.0	0.10986847771257029	0.021253952435438428	6.151650487825884E-4
205-209	0.0	0.0	0.0	0.11721970004552222	0.02309944758178619	6.151650487825884E-4
210-214	0.0	0.0	0.0	0.12481698839798719	0.02497570098057309	6.151650487825884E-4
215-219	0.0	0.0	0.0	0.13189138645898693	0.02700574564155563	6.151650487825884E-4
220-224	0.0	0.0	0.0	0.1391810922870606	0.02955868059400337	6.151650487825884E-4
225-229	0.0	0.0	0.0	0.14662458937732997	0.03174251651718156	6.151650487825884E-4
230-234	0.0	0.0	0.0	0.15376050394320798	0.03358801166352933	6.151650487825884E-4
235-239	0.0	0.0	0.0	0.16135779229567293	0.03592563884890316	6.151650487825884E-4
240	0.0	0.0	0.0	0.16224978161640768	0.03737127671354224	6.151650487825884E-4
>>END_MODULE
