##FastQC	0.12.1
>>Basic Statistics	pass
#Measure	Value
Filename	ERR13346998_2.gz
File type	Conventional base calls
Encoding	Sanger / Illumina 1.9
Total Sequences	1166170
Total Bases	203 Mbp
Sequences flagged as poor quality	0
Sequence length	35-251
%GC	34
>>END_MODULE
>>Per base sequence quality	pass
#Base	Mean	Median	Lower Quartile	Upper Quartile	10th Percentile	90th Percentile
1	33.11758234219711	34.0	34.0	34.0	33.0	34.0
2	33.19649793769347	34.0	34.0	34.0	34.0	34.0
3	33.27916941783788	34.0	34.0	34.0	34.0	34.0
4	33.31496437054632	34.0	34.0	34.0	34.0	34.0
5	33.276248745894684	34.0	34.0	34.0	34.0	34.0
6	37.01827349357298	38.0	38.0	38.0	36.0	38.0
7	37.02053645694882	38.0	38.0	38.0	36.0	38.0
8	36.88005779603317	38.0	38.0	38.0	36.0	38.0
9	36.97386230137973	38.0	38.0	38.0	36.0	38.0
10-14	36.75862833034635	38.0	38.0	38.0	35.2	38.0
15-19	36.71233850982275	38.0	38.0	38.0	34.8	38.0
20-24	36.897320287779664	38.0	38.0	38.0	36.0	38.0
25-29	36.831095980860425	38.0	38.0	38.0	35.8	38.0
30-34	36.7706986116947	38.0	38.0	38.0	35.2	38.0
35-39	36.70841781794627	38.0	37.8	38.0	34.6	38.0
40-44	36.65921202103808	38.0	37.6	38.0	34.8	38.0
45-49	36.84764337817805	38.0	38.0	38.0	35.6	38.0
50-54	36.88387843269895	38.0	38.0	38.0	35.8	38.0
55-59	36.74380588436912	38.0	38.0	38.0	35.0	38.0
60-64	36.737403392167494	38.0	37.8	38.0	34.8	38.0
65-69	36.64520099534114	38.0	37.4	38.0	34.4	38.0
70-74	36.58271877672364	38.0	37.2	38.0	34.4	38.0
75-79	36.54595825640778	38.0	37.0	38.0	34.2	38.0
80-84	36.393021769922726	38.0	37.0	38.0	34.0	38.0
85-89	36.47153675719579	38.0	37.0	38.0	34.0	38.0
90-94	36.45893431868199	38.0	37.0	38.0	34.0	38.0
95-99	36.4294647701758	38.0	37.0	38.0	34.0	38.0
100-104	36.30939138172749	38.0	37.0	38.0	33.6	38.0
105-109	36.063583685735395	38.0	37.0	38.0	32.6	38.0
110-114	35.962100277031915	38.0	37.0	38.0	32.0	38.0
115-119	35.9578183432586	38.0	37.0	38.0	31.8	38.0
120-124	36.012897981530514	38.0	37.0	38.0	32.0	38.0
125-129	36.028440020461986	38.0	37.0	38.0	32.0	38.0
130-134	35.87298394834627	38.0	37.0	38.0	31.6	38.0
135-139	35.8048721344633	38.0	37.0	38.0	31.2	38.0
140-144	35.79688266657364	38.0	37.0	38.0	31.4	38.0
145-149	35.60591504719966	38.0	36.6	38.0	30.0	38.0
150-154	35.37091730393763	38.0	36.2	38.0	29.2	38.0
155-159	35.263667717781644	38.0	35.8	38.0	28.2	38.0
160-164	35.035765006145894	38.0	35.8	38.0	27.2	38.0
165-169	35.04261347401059	38.0	35.4	38.0	27.0	38.0
170-174	34.67313542023923	38.0	35.0	38.0	25.8	38.0
175-179	34.70687205696786	38.0	35.4	38.0	26.0	38.0
180-184	34.99316769526565	38.0	35.8	38.0	27.8	38.0
185-189	34.6153735842698	37.8	35.0	38.0	24.8	38.0
190-194	34.14543200479236	37.2	34.6	38.0	23.6	38.0
195-199	33.586766898381875	37.0	33.8	38.0	22.6	38.0
200-204	33.42505966293702	37.0	33.4	37.8	22.4	38.0
205-209	33.77554218631286	37.0	34.0	38.0	22.4	38.0
210-214	33.33158669019265	37.0	33.4	37.2	21.8	37.8
215-219	32.90289102100071	37.0	32.2	37.0	20.8	37.8
220-224	32.566746144181124	37.0	31.8	37.0	20.0	37.6
225-229	31.897924895497134	36.4	30.0	37.0	18.8	37.4
230-234	31.164436496745715	36.0	28.2	37.0	16.8	37.2
235-239	30.73895234474835	35.2	27.2	37.0	15.8	37.0
240-244	30.00541852759529	34.2	25.2	37.0	13.6	37.0
245-249	29.50607841280945	33.8	24.8	36.8	12.8	37.0
250-251	25.636657121393867	27.5	17.5	34.0	11.0	36.5
>>END_MODULE
>>Per sequence quality scores	pass
#Quality	Count
2	1510.0
3	0.0
4	0.0
5	0.0
6	0.0
7	0.0
8	0.0
9	0.0
10	1.0
11	2.0
12	31.0
13	212.0
14	500.0
15	750.0
16	867.0
17	898.0
18	934.0
19	1218.0
20	1556.0
21	2032.0
22	2595.0
23	3211.0
24	4084.0
25	5089.0
26	6483.0
27	8206.0
28	10517.0
29	13727.0
30	17881.0
31	23258.0
32	30685.0
33	41244.0
34	57323.0
35	87528.0
36	172349.0
37	671479.0
>>END_MODULE
>>Per base sequence content	fail
#Base	G	A	T	C
1	32.97022306939365	28.993526007590198	16.904246732952107	21.132004190064052
2	11.294197448182302	23.216646918413957	47.78613500935896	17.703020624044786
3	13.346641938419795	32.461576769185854	36.69963766249377	17.49214362990057
4	9.284340494221489	21.538474747995124	49.253000875792075	19.92418388199131
5	8.729929764909931	40.68715333230299	41.339274981539674	9.243641921247402
6	19.553002593031444	48.619339549739834	22.36309309154603	9.464564765682688
7	18.436024247419848	37.52932186217437	30.485463568766853	13.549190321638932
8	17.868304913021827	42.732127831298406	25.24788350248141	14.151683753198357
9	20.469235656758194	20.424930881115518	29.45692305050401	29.648910411622275
10-14	18.63331787817904	28.338502223824978	34.77825288066904	18.249927017326943
15-19	16.854807411605105	34.38060893307918	32.04428760324902	16.720296052066697
20-24	16.88520254838322	32.864458296841995	33.43841121013858	16.811927944636203
25-29	17.075833290402347	32.88425806673192	33.04392698298216	16.995981659883572
30-34	17.029965826936618	32.89162502361204	33.099393814503806	16.97901533494754
35-39	17.059255118500435	32.82879823760338	33.031249629237465	17.080697014658725
40-44	17.07735979704305	32.72269525888295	33.04124545974377	17.15869948433023
45-49	17.169960490805824	32.77530958839691	32.941377594019116	17.11335232677815
50-54	17.096367910087203	32.771594487454195	32.921322973140875	17.210714629317728
55-59	17.08880940546984	32.600867074704595	32.98450733202725	17.325816187798313
60-64	17.201071945842283	32.73286399263238	32.86292175741291	17.20314230411243
65-69	17.053907275382446	32.698227120372	32.9829033768612	17.26496222738435
70-74	17.108824647683296	32.602640906613	32.95833281640999	17.330201629293718
75-79	17.20959810401981	32.67248527867261	32.85065847943468	17.267258137872904
80-84	17.05807794350643	32.62527304602173	33.03218427442414	17.2844647360477
85-89	17.138556012696142	32.66515968374312	32.83931926329146	17.356965040269284
90-94	17.222731039295216	32.630022145657364	32.86677230678278	17.280474508264643
95-99	17.114395566972266	32.7363461023348	32.843015634592845	17.30624269610008
100-104	17.126632530957888	32.542094800535295	32.891696968682076	17.439575699824736
105-109	17.155249479348523	32.5577008955288	32.91761696395185	17.369432661170833
110-114	17.09451351982806	32.68443937934702	32.87631870786451	17.344728392960405
115-119	17.119723839288604	32.49342844049822	32.91080848687957	17.476039233333616
120-124	17.19936159257857	32.47284590546969	32.942403722330745	17.385388779621
125-129	17.199020482188352	32.56131835411703	32.82506658790467	17.41459457578995
130-134	17.110380838232125	32.40899195760873	32.94726205198215	17.53336515217699
135-139	17.26789200104616	32.499445984130624	32.778610821538365	17.454051193284858
140-144	17.113237851730453	32.59487825507208	32.83336906516821	17.458514828029244
145-149	17.14614921712187	32.33218465292416	32.88784849650862	17.633817633445346
150-154	17.24643187680317	32.4651163305919	32.798264858341255	17.490186934263676
155-159	17.131854466453422	32.46129474628604	32.89565635499976	17.511194432260783
160-164	17.147706697257934	32.27826895077974	32.94587684074061	17.628147511221716
165-169	17.251406984129794	32.40867526132867	32.797518535579364	17.54239921896217
170-174	17.0903441033337	32.44864290044624	32.832599542167316	17.628413454052748
175-179	17.169679296643217	32.31094748982649	32.81400067365745	17.70537253987284
180-184	17.26511390186916	32.44461886682243	32.62916179906542	17.66110543224299
185-189	17.09831216714147	32.267469640001394	32.91272155228889	17.721496640568244
190-194	17.181774408438365	32.20520197268607	32.814734361813294	17.798289257062276
195-199	17.276502895674163	32.27355454199407	32.718611503847306	17.73133105848446
200-204	17.080428099116606	32.25160107619883	32.81851606087602	17.84945476380854
205-209	17.232978925536642	32.170110084709926	32.679868911076504	17.91704207867693
210-214	17.215713540761342	32.29053164808423	32.66246182116163	17.831292989992797
215-219	16.993111791583033	32.240363101305434	32.874921772473535	17.891603334638
220-224	17.136279194962558	32.240438966918624	32.6612921018608	17.961989736258012
225-229	17.16584771441395	32.170405631352885	32.71846026124305	17.94528639299011
230-234	16.969059707766384	32.116469421844116	32.85881829579003	18.055652574599474
235-239	17.01558833118667	32.23953541672719	32.61715458885736	18.127721663228776
240-244	16.946454926179467	32.15066631812265	32.734885987986125	18.167992767711755
245-249	16.9664046649506	32.133520436420824	32.76126277365979	18.13881212496879
250-251	18.261127169833514	36.73180432997371	37.51598308787812	7.491085412314656
>>END_MODULE
>>Per sequence GC content	pass
#GC Content	Count
0	1510.0
1	755.0
2	0.0
3	0.0
4	0.0
5	0.0
6	0.5
7	2.5
8	5.5
9	7.0
10	7.0
11	13.0
12	28.5
13	62.0
14	116.66666666666666
15	181.83333333333334
16	308.33333333333337
17	532.3333333333333
18	895.0000000000017
19	1421.8333333333305
20	2217.666666666664
21	3461.8333333333617
22	5180.999999999984
23	7528.166666666465
24	10854.500000000155
25	15248.500000000988
26	20803.666666666144
27	27729.999999996002
28	35999.49999999626
29	45232.16666667486
30	54250.83333335565
31	62852.6666667078
32	70273.16666669869
33	75620.166666679
34	77744.00000000505
35	76806.50000000866
36	72714.33333335785
37	66512.83333338295
38	58339.333333369636
39	49170.833333350776
40	40130.0000000013
41	31655.666666658097
42	24357.166666663656
43	18188.000000000717
44	13299.33333333407
45	9552.49999999993
46	6851.666666666499
47	5127.333333333302
48	4068.6666666667747
49	3257.3333333333917
50	2664.000000000018
51	2239.4999999999804
52	1688.8333333333048
53	1269.6666666666636
54	1033.6666666666792
55	821.0000000000043
56	610.9999999999999
57	525.666666666665
58	431.33333333333167
59	282.8333333333336
60	187.16666666666669
61	106.99999999999999
62	50.33333333333335
63	30.166666666666664
64	15.000000000000002
65	7.833333333333331
66	4.166666666666667
67	4.000000000000001
68	1.833333333333333
69	2.1666666666666665
70	4.166666666666667
71	2.6666666666666665
72	3.3333333333333335
73	2.333333333333333
74	0.6666666666666666
75	1.833333333333333
76	1.4999999999999998
77	0.6666666666666666
78	1.9999999999999998
79	1.9999999999999998
80	1.6666666666666665
81	1.6666666666666665
82	1.6666666666666665
83	1.3333333333333333
84	0.6666666666666666
85	0.6666666666666666
86	1.9999999999999998
87	0.6666666666666666
88	1.3333333333333333
89	1.3333333333333333
90	1.6666666666666665
91	0.6666666666666666
92	0.3333333333333333
93	1.0
94	0.0
95	0.0
96	0.6666666666666666
97	1.9999999999999998
98	1.9999999999999998
99	2.333333333333333
100	3.5
>>END_MODULE
>>Per base N content	pass
#Base	N-Count
1	0.12948369448708166
2	0.12948369448708166
3	0.12948369448708166
4	0.12948369448708166
5	0.12948369448708166
6	0.12948369448708166
7	0.12948369448708166
8	0.12948369448708166
9	0.12948369448708166
10-14	0.12948369448708166
15-19	0.12948369448708166
20-24	0.12948369448708166
25-29	0.12948369448708166
30-34	0.12948369448708166
35-39	0.0259573848502044
40-44	0.0
45-49	0.0
50-54	0.0
55-59	0.0
60-64	0.0
65-69	0.0
70-74	0.0
75-79	0.0
80-84	0.0
85-89	0.0
90-94	0.0
95-99	0.0
100-104	0.0
105-109	0.0
110-114	0.0
115-119	0.0
120-124	0.0
125-129	0.0
130-134	0.0
135-139	0.0
140-144	0.0
145-149	0.0
150-154	0.0
155-159	0.0
160-164	0.0
165-169	0.0
170-174	0.0
175-179	0.0
180-184	0.0
185-189	0.0
190-194	0.0
195-199	0.0
200-204	0.0
205-209	0.0
210-214	0.0
215-219	0.0
220-224	0.0
225-229	0.0
230-234	0.0
235-239	0.0
240-244	0.0
245-249	0.0
250-251	0.0
>>END_MODULE
>>Sequence Length Distribution	warn
#Length	Count
35-39	6128.0
40-44	6827.0
45-49	8326.0
50-54	9208.0
55-59	10608.0
60-64	11146.0
65-69	12342.0
70-74	13537.0
75-79	14925.0
80-84	16284.0
85-89	17534.0
90-94	18987.0
95-99	20250.0
100-104	21924.0
105-109	22692.0
110-114	24194.0
115-119	25115.0
120-124	27102.0
125-129	27547.0
130-134	28499.0
135-139	29357.0
140-144	29471.0
145-149	29898.0
150-154	30379.0
155-159	30166.0
160-164	29299.0
165-169	29273.0
170-174	28542.0
175-179	27862.0
180-184	27097.0
185-189	26085.0
190-194	24994.0
195-199	24216.0
200-204	23304.0
205-209	21981.0
210-214	20787.0
215-219	19975.0
220-224	19056.0
225-229	17972.0
230-234	16996.0
235-239	16164.0
240-244	15009.0
245-249	32137.0
250-252	252975.0
>>END_MODULE
>>Sequence Duplication Levels	warn
#Total Deduplicated Percentage	68.65523807193826
#Duplication Level	Percentage of total
1	51.05085640362519
2	21.53670747577427
3	11.233495141823257
4	6.322287583858337
5	3.5595672555184588
6	2.042362885700849
7	1.3019585224029642
8	0.7691149447971146
9	0.5606975592984611
>10	1.4864567663407289
>50	0.007030545094568141
>100	0.0
>500	0.0
>1k	0.12946491576582797
>5k	0.0
>10k+	0.0
>>END_MODULE
>>Overrepresented sequences	warn
#Sequence	Count	Percentage	Possible Source
NNNNNNNNNNNNNNNNNNNNNNNNNNNNNNNNNNN	1510	0.12948369448708166	No Hit
>>END_MODULE
>>Adapter Content	pass
#Position	Illumina Universal Adapter	Illumina Small RNA 3' Adapter	Illumina Small RNA 5' Adapter	Nextera Transposase Sequence	PolyA	PolyG
1	0.0	0.0	0.0	0.0	0.0	0.0
2	0.0	0.0	0.0	0.0	0.0	0.0
3	0.0	0.0	0.0	0.0	0.0	0.0
4	0.0	0.0	0.0	0.0	0.0	0.0
5	0.0	0.0	0.0	0.0	0.0	0.0
6	0.0	0.0	0.0	0.0	0.0	0.0
7	0.0	0.0	0.0	0.0	0.0	0.0
8	0.0	0.0	0.0	0.0	0.0	0.0
9	0.0	0.0	0.0	0.0	0.0	0.0
10-14	0.0	0.0	0.0	0.0	0.0	0.0
15-19	0.0	0.0	0.0	0.0	8.575079105104744E-5	7.203066448287986E-4
20-24	0.0	0.0	0.0	0.0	8.575079105104744E-5	8.918082269308934E-4
25-29	0.0	0.0	0.0	0.0	8.575079105104744E-5	9.432587015615219E-4
30-34	0.0	0.0	0.0	5.1450474630628464E-5	8.575079105104744E-5	9.947091761921506E-4
35-39	0.0	0.0	0.0	2.572523731531423E-4	8.575079105104744E-5	0.0010290094926125694
40-44	0.0	0.0	0.0	7.889072776696363E-4	1.3720126568167592E-4	0.0010290094926125694
45-49	0.0	0.0	0.0	0.0016978656628107395	2.4010221494293288E-4	0.0010290094926125694
50-54	0.0	0.0	0.0	0.0028812265793151945	2.7440253136335184E-4	0.0010290094926125694
55-59	0.0	0.0	0.0	0.004510491609285096	4.8020442988586575E-4	0.0010290094926125694
60-64	0.0	0.0	0.0	0.005762453158630389	5.145047463062847E-4	0.0010290094926125694
65-69	0.0	0.0	0.0	0.007408868346810499	5.488050627267037E-4	0.0010290094926125694
70-74	0.0	0.0	0.0	0.009141034326041658	6.002555373573321E-4	0.0010290094926125694
75-79	0.0	0.0	0.0	0.011147602836636168	6.002555373573321E-4	0.0010290094926125694
80-84	0.0	0.0	0.0	0.013359973245753193	6.002555373573321E-4	0.0010290094926125694
85-89	0.0	0.0	0.0	0.016344100774329642	6.345558537777512E-4	0.0010290094926125694
90-94	0.0	0.0	0.0	0.020991793649296413	6.860063284083796E-4	0.0010290094926125694
95-99	0.0	0.0	0.0	0.024764828455542502	6.860063284083796E-4	0.0010290094926125694
100-104	0.0	0.0	0.0	0.028057658831902726	7.71757119459427E-4	0.0010290094926125694
105-109	0.0	0.0	0.0	0.03095603556942813	0.0010461596508227788	0.0011490606000840356
110-114	0.0	0.0	0.0	0.03431746657862919	0.0017321659792311583	0.0012005110747146642
115-119	0.0	0.0	0.0	0.03879365787149387	0.0025039230986905856	0.0012005110747146642
120-124	0.0	0.0	0.0	0.0437500535942444	0.0032928303763602217	0.0012005110747146642
125-129	0.0	0.0	0.0	0.04817479441247846	0.004201788761501324	0.0012005110747146642
130-134	0.0	0.0	0.0	0.052753886654604384	0.004973545880960752	0.0012005110747146642
135-139	0.0	0.0	0.0	0.05856779028786541	0.005556651260107874	0.0012005110747146642
140-144	0.0	0.0	0.0	0.06515345104058586	0.006517060119879607	0.0012005110747146642
145-149	0.0	0.0	0.0	0.07223646638140237	0.00768327087817385	0.0012005110747146642
150-154	0.0	0.0	0.0	0.08021128994914978	0.0090381333767804	0.0012005110747146642
155-159	0.0	0.0	0.0	0.08806606240942574	0.010290094926125693	0.0012005110747146642
160-164	0.0	0.0	0.0	0.0959894355025425	0.011542056475470986	0.0012005110747146642
165-169	0.0	0.0	0.0	0.10272944767915484	0.013497174511434867	0.0012005110747146642
170-174	0.0	0.0	0.0	0.10945230969755695	0.01504068875035372	0.0012005110747146642
175-179	0.0	0.0	0.0	0.11626092250701014	0.016961506469897185	0.0012005110747146642
180-184	0.0	0.0	0.0	0.12694547107197066	0.018848023873020227	0.0012691117075555023
185-189	0.0	0.0	5.1450474630628464E-5	0.13569205175917748	0.020957493332875995	0.0012862618657657116
190-194	0.0	0.0	8.575079105104744E-5	0.14301516931493694	0.023341365324095115	0.0012862618657657116
195-199	0.0	0.0	8.575079105104744E-5	0.15097284272447414	0.02524503288542837	0.0012862618657657116
200-204	0.0	0.0	8.575079105104744E-5	0.1577643053757171	0.027526003927386234	0.0012862618657657116
205-209	0.0	0.0	8.575079105104744E-5	0.16510457308968676	0.029995626709656397	0.0012862618657657116
210-214	0.0	0.0	8.575079105104744E-5	0.17287359475891165	0.03203649553667133	0.0012862618657657116
215-219	0.0	0.0	8.575079105104744E-5	0.18206607955958393	0.03484912148314568	0.0012862618657657116
220-224	0.0	0.0	8.575079105104744E-5	0.19106991261994394	0.037867549328142555	0.0012862618657657116
225-229	0.0	0.0	8.575079105104744E-5	0.20033099805345703	0.04011422005368	0.0012862618657657116
230-234	0.0	0.0	8.575079105104744E-5	0.21211315674387093	0.04253239236131953	0.0012862618657657116
235-239	0.0	0.0	8.575079105104744E-5	0.22219744977147413	0.04479621324506718	0.0012862618657657116
240	0.0	0.0	8.575079105104744E-5	0.22363806306113174	0.04664843033176981	0.0012862618657657116
>>END_MODULE
