##FastQC	0.12.1
>>Basic Statistics	pass
#Measure	Value
Filename	ERR13347002_2.gz
File type	Conventional base calls
Encoding	Sanger / Illumina 1.9
Total Sequences	646765
Total Bases	125 Mbp
Sequences flagged as poor quality	0
Sequence length	35-251
%GC	33
>>END_MODULE
>>Per base sequence quality	pass
#Base	Mean	Median	Lower Quartile	Upper Quartile	10th Percentile	90th Percentile
1	33.16185322335006	34.0	34.0	34.0	33.0	34.0
2	33.229905761752725	34.0	34.0	34.0	34.0	34.0
3	33.31467689191592	34.0	34.0	34.0	34.0	34.0
4	33.33802385719697	34.0	34.0	34.0	34.0	34.0
5	33.36627677750033	34.0	34.0	34.0	34.0	34.0
6	37.059661546311254	38.0	38.0	38.0	36.0	38.0
7	37.067025890392955	38.0	38.0	38.0	36.0	38.0
8	36.91048526126182	38.0	38.0	38.0	36.0	38.0
9	37.01176470588236	38.0	38.0	38.0	36.0	38.0
10-14	36.80733094709825	38.0	38.0	38.0	35.4	38.0
15-19	36.761590995183724	38.0	38.0	38.0	35.4	38.0
20-24	36.93806776804558	38.0	38.0	38.0	36.0	38.0
25-29	36.878635671379875	38.0	38.0	38.0	35.8	38.0
30-34	36.82247276831616	38.0	38.0	38.0	35.8	38.0
35-39	36.738892972104374	38.0	37.8	38.0	35.0	38.0
40-44	36.693423493161134	38.0	37.8	38.0	34.8	38.0
45-49	36.86736301318697	38.0	38.0	38.0	35.8	38.0
50-54	36.899906054166266	38.0	38.0	38.0	36.0	38.0
55-59	36.76364551484893	38.0	38.0	38.0	35.4	38.0
60-64	36.766004986186275	38.0	37.8	38.0	34.8	38.0
65-69	36.67405607329958	38.0	37.4	38.0	34.4	38.0
70-74	36.61894002979754	38.0	37.2	38.0	34.4	38.0
75-79	36.58181162385357	38.0	37.0	38.0	34.4	38.0
80-84	36.434381991962184	38.0	37.0	38.0	34.0	38.0
85-89	36.506903691681615	38.0	37.0	38.0	34.0	38.0
90-94	36.4900241556485	38.0	37.0	38.0	34.0	38.0
95-99	36.465438206456	38.0	37.0	38.0	34.0	38.0
100-104	36.34907085040634	38.0	37.0	38.0	33.6	38.0
105-109	36.11060425792736	38.0	37.0	38.0	32.6	38.0
110-114	36.01684205447815	38.0	37.0	38.0	32.4	38.0
115-119	36.01636477537655	38.0	37.0	38.0	32.2	38.0
120-124	36.05324092637765	38.0	37.0	38.0	32.0	38.0
125-129	36.07671173547868	38.0	37.0	38.0	32.0	38.0
130-134	35.92012479405839	38.0	37.0	38.0	31.8	38.0
135-139	35.85300056728429	38.0	37.0	38.0	31.4	38.0
140-144	35.849030037675405	38.0	37.0	38.0	31.4	38.0
145-149	35.66999802806887	38.0	36.6	38.0	30.4	38.0
150-154	35.446645862689294	38.0	36.2	38.0	29.2	38.0
155-159	35.3490919845904	38.0	36.2	38.0	29.2	38.0
160-164	35.137988485840005	38.0	35.8	38.0	27.4	38.0
165-169	35.14784333314812	38.0	35.6	38.0	27.4	38.0
170-174	34.80560815533908	38.0	35.2	38.0	26.2	38.0
175-179	34.84610136912369	38.0	35.4	38.0	26.8	38.0
180-184	35.1277998542229	38.0	35.8	38.0	28.0	38.0
185-189	34.79246928702467	37.8	35.0	38.0	26.6	38.0
190-194	34.34884508519475	37.2	34.8	38.0	24.4	38.0
195-199	33.829575043219606	37.0	34.0	38.0	23.6	38.0
200-204	33.69111900257187	37.0	33.6	37.8	23.2	38.0
205-209	34.047470498175116	37.0	34.6	38.0	23.6	38.0
210-214	33.65226675635019	37.0	33.8	37.2	23.0	37.8
215-219	33.26797555978377	37.0	33.2	37.0	22.0	37.8
220-224	32.98918486497733	37.0	32.0	37.0	21.8	37.6
225-229	32.38045541814482	36.6	31.0	37.0	20.6	37.4
230-234	31.726810127171973	36.0	29.4	37.0	19.6	37.2
235-239	31.353049847310764	35.6	28.6	37.0	19.0	37.0
240-244	30.698794965763362	34.6	27.2	37.0	16.8	37.0
245-249	30.299547523183833	34.0	26.2	37.0	16.0	37.0
250-251	26.3925755659225	28.0	19.5	34.5	12.5	36.5
>>END_MODULE
>>Per sequence quality scores	pass
#Quality	Count
2	423.0
3	0.0
4	0.0
5	0.0
6	0.0
7	0.0
8	0.0
9	0.0
10	0.0
11	0.0
12	2.0
13	38.0
14	117.0
15	203.0
16	322.0
17	439.0
18	566.0
19	648.0
20	882.0
21	1163.0
22	1488.0
23	1933.0
24	2446.0
25	3275.0
26	4015.0
27	5110.0
28	6552.0
29	8271.0
30	10751.0
31	13955.0
32	18118.0
33	24144.0
34	33638.0
35	51692.0
36	101809.0
37	354765.0
>>END_MODULE
>>Per base sequence content	fail
#Base	G	A	T	C
1	32.6929087077739	29.70470741495988	16.92788028628806	20.67450359097815
2	11.348635861509852	23.492052195277424	47.27636452528228	17.882947417930446
3	13.368309656497642	32.83958028412203	36.50528667485634	17.286823384523984
4	9.247426285155537	21.8421516782137	49.52207964204709	19.38834239458367
5	8.714890878203798	40.9707244771344	41.377165649145496	8.937218995516305
6	19.203610472474324	48.713684086752835	22.663388732281053	9.419316708491788
7	18.154630211250392	37.46824436598581	30.875759272954568	13.501366149809236
8	17.925803986124993	42.73944753706242	25.310129931212888	14.024618545599699
9	20.124175745967303	20.566975378360063	29.882477078698273	29.426371796974358
10-14	18.49565709794505	28.66491733478561	34.768342456470414	18.071083110798927
15-19	16.63100958935053	34.6499221774231	32.188315164417595	16.530753068808774
20-24	16.63138090979698	33.0774419734444	33.7068610735493	16.584316043209324
25-29	16.86834524137376	33.10068044471812	33.24735202106625	16.78362229284187
30-34	16.81558679460719	33.16318605320403	33.26709389146922	16.754133260719556
35-39	16.828480868414925	33.06112792869564	33.288474972626695	16.821916230262733
40-44	16.83819076751083	33.01367948698042	33.27264257876186	16.87548716674689
45-49	16.94629554592775	33.05292522519714	33.15506654614593	16.84571268272917
50-54	16.862971643097232	32.95619106662846	33.247259104095335	16.933578186178966
55-59	16.858614588755405	32.85846730769594	33.21096627074917	17.071951832799492
60-64	16.930213385938202	33.02484642930524	33.165698054512646	16.879242130243906
65-69	16.792392578442453	32.98343604933173	33.1929792356247	17.031192136601124
70-74	16.83761059857731	32.865141923666066	33.24068004133103	17.056567436425592
75-79	16.94271019608453	33.0237602823866	33.09298983553365	16.94053968599522
80-84	16.80702314507988	32.94842161114669	33.27433170928937	16.970223534484056
85-89	16.929888996365555	32.92326540705189	33.078838432157134	17.068007164425413
90-94	16.98445219228172	32.89018277325126	33.13472156312059	16.990643471346427
95-99	16.824168384147704	33.017459285862564	33.146490843643875	17.011881486345857
100-104	16.88627344038905	32.8574497930986	33.16626966665083	17.090007099861516
105-109	16.93661554013635	32.87781612160598	33.19602828101378	16.989540057243886
110-114	16.855879323923183	32.9308065384026	33.181395415135825	17.03191872253839
115-119	16.826704043841158	32.786445106634666	33.25638460124353	17.130466248280644
120-124	16.914532888143444	32.912475084177835	33.145851121518	17.027140906160724
125-129	16.929547445587662	32.89653027711515	33.080123330842945	17.09379894645424
130-134	16.897485640352386	32.77232298952321	33.212862736088674	17.11732863403573
135-139	16.958536082088944	32.865912883271186	33.09054505306289	17.08500598157698
140-144	16.842255491015997	32.90372958899697	33.18802078767256	17.065994132314476
145-149	16.90233908186996	32.68751973241795	33.18839863629626	17.221742549415836
150-154	16.898116172719813	32.84715381871244	33.1619785070614	17.09275150150635
155-159	16.860003860545753	32.8094590454535	33.19932103979727	17.13121605420348
160-164	16.896143352327332	32.801956792063514	33.07821246862802	17.223687386981137
165-169	16.897027184275757	32.85770344605457	33.0548472288054	17.19042214086427
170-174	16.817372427991486	32.809452167497774	33.193298003422264	17.17987740108848
175-179	16.889220158037276	32.679015951505114	33.163347810878705	17.2684160795789
180-184	16.975882118171157	32.79286036005996	33.08516412204734	17.146093399721547
185-189	16.811232492211854	32.79527373698207	33.18085901565458	17.212634755151495
190-194	16.86530128554172	32.78862490356528	33.095415545004876	17.250658265888134
195-199	16.93962496728384	32.707209374973615	33.13025393367837	17.222911724064176
200-204	16.796093340462104	32.7794603148618	33.159816254179006	17.26463009049708
205-209	16.85105669439404	32.769922686740564	33.053065282094586	17.32595533677081
210-214	16.862898213714256	32.80497644356526	33.05598560790182	17.27613973481867
215-219	16.731838875945083	32.741770202960026	33.23712572713322	17.289265193961672
220-224	16.79607322855456	32.750028598740606	33.08111654742854	17.37278162527629
225-229	16.833446479109178	32.61039851502103	33.22104660633883	17.33510839953096
230-234	16.740639079678257	32.69042038015175	33.17272750801455	17.39621303215544
235-239	16.81585175349246	32.70624414739587	33.05053406026371	17.427370038847954
240-244	16.702453816738576	32.74825244991471	33.13667123761107	17.412622495735643
245-249	16.754419098860062	32.783325963050316	33.05426063777516	17.407994300314467
250-251	17.81943635262803	37.391731496395806	37.6462524418246	7.142579709151558
>>END_MODULE
>>Per sequence GC content	pass
#GC Content	Count
0	423.0
1	211.5
2	0.0
3	0.0
4	0.0
5	0.0
6	0.0
7	0.0
8	0.5
9	3.0
10	6.333333333333333
11	10.333333333333334
12	15.5
13	24.0
14	47.16666666666667
15	85.99999999999999
16	148.5
17	244.83333333333363
18	416.1666666666658
19	655.3333333333339
20	1163.5000000000016
21	1911.1666666666404
22	2927.333333333378
23	4425.500000000126
24	6250.1666666663405
25	8604.499999999378
26	11653.333333334234
27	15509.500000003118
28	19737.666666666708
29	24572.83333332703
30	28986.99999998754
31	32789.66666664837
32	35784.66666665659
33	37726.999999995554
34	38268.49999999675
35	37290.49999999371
36	34652.33333331974
37	31111.166666650515
38	27075.333333323302
39	22463.166666663154
40	18017.500000002008
41	13930.16666666884
42	10478.666666666977
43	7760.333333332784
44	5604.166666666565
45	4005.000000000116
46	2883.8333333333603
47	2198.4999999999795
48	1790.6666666666385
49	1447.8333333333217
50	1186.6666666666692
51	1024.3333333333485
52	823.6666666666738
53	601.3333333333333
54	456.99999999999704
55	350.833333333333
56	257.50000000000074
57	204.6666666666669
58	171.66666666666683
59	121.99999999999983
60	76.6666666666667
61	43.666666666666664
62	24.000000000000004
63	13.833333333333337
64	9.666666666666666
65	6.833333333333331
66	4.0
67	1.8333333333333333
68	3.0
69	4.666666666666667
70	1.3333333333333333
71	1.6666666666666665
72	2.5
73	1.4999999999999998
74	1.3333333333333333
75	1.9999999999999998
76	0.6666666666666666
77	1.1666666666666665
78	0.8333333333333333
79	0.6666666666666666
80	0.6666666666666666
81	1.0
82	0.6666666666666666
83	0.3333333333333333
84	0.3333333333333333
85	0.6666666666666666
86	0.3333333333333333
87	1.0
88	1.3333333333333333
89	0.3333333333333333
90	0.0
91	0.0
92	0.0
93	1.0
94	1.0
95	0.3333333333333333
96	0.3333333333333333
97	0.0
98	0.0
99	0.3333333333333333
100	2.0
>>END_MODULE
>>Per base N content	pass
#Base	N-Count
1	0.06540242591976994
2	0.06540242591976994
3	0.06540242591976994
4	0.06540242591976994
5	0.06540242591976994
6	0.06540242591976994
7	0.06540242591976994
8	0.06540242591976994
9	0.06540242591976994
10-14	0.06540242591976994
15-19	0.06540242591976994
20-24	0.06540242591976994
25-29	0.06540242591976994
30-34	0.06540242591976994
35-39	0.013096595597252748
40-44	0.0
45-49	0.0
50-54	0.0
55-59	0.0
60-64	0.0
65-69	0.0
70-74	0.0
75-79	0.0
80-84	0.0
85-89	0.0
90-94	0.0
95-99	0.0
100-104	0.0
105-109	0.0
110-114	0.0
115-119	0.0
120-124	0.0
125-129	0.0
130-134	0.0
135-139	0.0
140-144	0.0
145-149	0.0
150-154	0.0
155-159	0.0
160-164	0.0
165-169	0.0
170-174	0.0
175-179	0.0
180-184	0.0
185-189	0.0
190-194	0.0
195-199	0.0
200-204	0.0
205-209	0.0
210-214	0.0
215-219	0.0
220-224	0.0
225-229	0.0
230-234	0.0
235-239	0.0
240-244	0.0
245-249	0.0
250-251	0.0
>>END_MODULE
>>Sequence Length Distribution	warn
#Length	Count
35-39	1903.0
40-44	2145.0
45-49	2729.0
50-54	3128.0
55-59	3516.0
60-64	3997.0
65-69	4616.0
70-74	5175.0
75-79	5627.0
80-84	6320.0
85-89	6888.0
90-94	7766.0
95-99	8444.0
100-104	9185.0
105-109	9854.0
110-114	10638.0
115-119	10949.0
120-124	11806.0
125-129	11836.0
130-134	12274.0
135-139	12408.0
140-144	12697.0
145-149	12933.0
150-154	12953.0
155-159	12842.0
160-164	12637.0
165-169	12387.0
170-174	12232.0
175-179	12221.0
180-184	11921.0
185-189	11599.0
190-194	11353.0
195-199	11025.0
200-204	10611.0
205-209	10379.0
210-214	9991.0
215-219	9731.0
220-224	9498.0
225-229	9099.0
230-234	8684.0
235-239	8333.0
240-244	8146.0
245-249	24308.0
250-252	239981.0
>>END_MODULE
>>Sequence Duplication Levels	pass
#Total Deduplicated Percentage	77.76453495140018
#Duplication Level	Percentage of total
1	62.96201334334962
2	20.868919792280455
3	8.484568052806104
4	3.5048474021761438
5	1.7740504725682005
6	0.864112404268067
7	0.47961356248384257
8	0.2815602826449749
9	0.19499495095562447
>10	0.519952283200299
>50	0.0
>100	0.06536745326665457
>500	0.0
>1k	0.0
>5k	0.0
>10k+	0.0
>>END_MODULE
>>Overrepresented sequences	pass
>>END_MODULE
>>Adapter Content	pass
#Position	Illumina Universal Adapter	Illumina Small RNA 3' Adapter	Illumina Small RNA 5' Adapter	Nextera Transposase Sequence	PolyA	PolyG
1	0.0	0.0	0.0	0.0	0.0	0.0
2	0.0	0.0	0.0	0.0	0.0	0.0
3	0.0	0.0	0.0	0.0	0.0	0.0
4	0.0	0.0	0.0	0.0	0.0	0.0
5	0.0	0.0	0.0	0.0	1.5461566411293127E-4	0.0
6	0.0	0.0	0.0	0.0	1.5461566411293127E-4	0.0
7	0.0	0.0	0.0	0.0	1.5461566411293127E-4	0.0
8	0.0	0.0	0.0	0.0	1.5461566411293127E-4	0.0
9	0.0	0.0	0.0	0.0	1.5461566411293127E-4	0.0
10-14	0.0	0.0	0.0	0.0	1.5461566411293127E-4	6.18462656451725E-5
15-19	0.0	0.0	0.0	0.0	1.5461566411293127E-4	4.6384699233879384E-4
20-24	0.0	0.0	0.0	0.0	1.5461566411293127E-4	4.6384699233879384E-4
25-29	0.0	0.0	0.0	0.0	1.5461566411293127E-4	4.6384699233879384E-4
30-34	0.0	0.0	0.0	2.4738506258069E-4	2.783081954032763E-4	5.566163908065526E-4
35-39	0.0	0.0	0.0	4.0200072669362136E-4	3.0923132822586254E-4	6.184626564517251E-4
40-44	0.0	0.0	0.0	5.875395236291388E-4	3.401544610484488E-4	6.184626564517251E-4
45-49	0.0	0.0	0.0	7.730783205646564E-4	4.6384699233879384E-4	6.184626564517251E-4
50-54	0.0	0.0	0.0	0.0013915409770163816	6.184626564517251E-4	6.184626564517251E-4
55-59	0.0	0.0	0.0	0.002412004360161728	6.184626564517251E-4	6.184626564517251E-4
60-64	0.0	0.0	0.0	0.0036180065402425924	7.730783205646564E-4	6.184626564517251E-4
65-69	0.0	0.0	0.0	0.00479308558750087	7.730783205646564E-4	6.184626564517251E-4
70-74	0.0	0.0	0.0	0.005968164634759148	7.730783205646564E-4	6.184626564517251E-4
75-79	0.0	0.0	0.0	0.007885398869759497	7.730783205646564E-4	6.184626564517251E-4
80-84	0.0	0.0	0.0	0.008936785385727428	8.349245862098289E-4	6.184626564517251E-4
85-89	0.0	0.0	0.0	0.011750790472582779	0.0011750790472582777	6.184626564517251E-4
90-94	0.0	0.0	0.0	0.014812180622018816	0.0012369253129034502	6.184626564517251E-4
95-99	0.0	0.0	0.0	0.018028186435567785	0.0012369253129034502	6.184626564517251E-4
100-104	0.0	0.0	0.0	0.020996807186536064	0.0012987715785486224	6.184626564517251E-4
105-109	0.0	0.0	0.0	0.024150966734439866	0.0014843103754841403	6.184626564517251E-4
110-114	0.0	0.0	0.0	0.027026818086940387	0.001700772305242244	6.184626564517251E-4
115-119	0.0	0.0	0.0	0.03092313282258626	0.001824464836532589	6.184626564517251E-4
120-124	0.0	0.0	0.0	0.03580898780855488	0.0025666200242746595	6.184626564517251E-4
125-129	0.0	0.0	0.0	0.041344228583797826	0.0033706214776619025	6.184626564517251E-4
130-134	0.0	0.0	0.0	0.04554977464766956	0.004360161727984662	6.184626564517251E-4
135-139	0.0	0.0	0.0	0.05000270577412198	0.0050713937829041465	6.184626564517251E-4
140-144	0.0	0.0	0.0	0.05501225329138095	0.006246472830162424	6.184626564517251E-4
145-149	0.0	0.0	0.0	0.059712569480414056	0.007328782478952943	6.184626564517251E-4
150-154	0.0	0.0	0.0	0.06484580952896338	0.008874939120082255	6.184626564517251E-4
155-159	0.0	0.0	0.0	0.07093766669501286	0.010606634558147084	6.184626564517251E-4
160-164	0.0	0.0	0.0	0.07665844626719134	0.011750790472582779	6.184626564517251E-4
165-169	0.0	0.0	0.0	0.08185353258138581	0.013111408316776573	6.184626564517251E-4
170-174	0.0	0.0	0.0	0.08587353984832204	0.015399720145647958	6.184626564517251E-4
175-179	0.0	0.0	0.0	0.09131601122509722	0.017193261849357957	6.184626564517251E-4
180-184	0.0	0.0	0.0	0.10050018167340533	0.018801264756132443	6.184626564517251E-4
185-189	0.0	0.0	0.0	0.10702496269897104	0.019976343803390726	6.493857892743113E-4
190-194	0.0	0.0	0.0	0.11354974372453672	0.023501580945165558	8.658477190324152E-4
195-199	0.0	0.0	0.0	0.11939421582800554	0.02640835543048866	9.276939846775877E-4
200-204	0.0	0.0	0.0	0.12517684166582915	0.028449282196779356	9.276939846775877E-4
205-209	0.0	0.0	0.0	0.1312068525662335	0.031046825353876605	9.276939846775877E-4
210-214	0.0	0.0	0.0	0.13776255672462176	0.033860830440731945	9.276939846775877E-4
215-219	0.0	0.0	0.0	0.144843954140994	0.03686037432452281	9.276939846775877E-4
220-224	0.0	0.0	0.0	0.15223458288559213	0.04016914953653955	9.276939846775877E-4
225-229	0.0	0.0	0.0	0.1602127511538194	0.043261462818798176	9.276939846775877E-4
230-234	0.0	0.0	0.0	0.1687475358128532	0.0463537761010568	9.276939846775877E-4
235-239	0.0	0.0	0.0	0.17780801372987096	0.04864208792992818	9.276939846775877E-4
240	0.0	0.0	0.0	0.17904493904277444	0.049940859508476806	9.276939846775877E-4
>>END_MODULE
