##FastQC	0.12.1
>>Basic Statistics	pass
#Measure	Value
Filename	ERR13347001_1.gz
File type	Conventional base calls
Encoding	Sanger / Illumina 1.9
Total Sequences	612232
Total Bases	118.9 Mbp
Sequences flagged as poor quality	0
Sequence length	35-251
%GC	33
>>END_MODULE
>>Per base sequence quality	pass
#Base	Mean	Median	Lower Quartile	Upper Quartile	10th Percentile	90th Percentile
1	33.715656809836794	34.0	34.0	34.0	34.0	34.0
2	33.64843882711129	34.0	34.0	34.0	34.0	34.0
3	33.69479053692064	34.0	34.0	34.0	34.0	34.0
4	33.697946203400015	34.0	34.0	34.0	34.0	34.0
5	33.69365044623607	34.0	34.0	34.0	34.0	34.0
6	37.5342402879954	38.0	38.0	38.0	37.0	38.0
7	37.48910217041906	38.0	38.0	38.0	37.0	38.0
8	37.38398188921847	38.0	38.0	38.0	37.0	38.0
9	37.369552718577275	38.0	38.0	38.0	37.0	38.0
10-14	37.323512001986174	38.0	38.0	38.0	37.0	38.0
15-19	37.29095310274537	38.0	38.0	38.0	37.0	38.0
20-24	37.28446667276457	38.0	38.0	38.0	37.0	38.0
25-29	37.1838355394687	38.0	38.0	38.0	36.4	38.0
30-34	37.13077558833906	38.0	38.0	38.0	36.0	38.0
35-39	37.093059121970796	38.0	38.0	38.0	36.0	38.0
40-44	37.01224085700365	38.0	38.0	38.0	36.0	38.0
45-49	36.991255862530785	38.0	38.0	38.0	36.0	38.0
50-54	37.007966712715714	38.0	38.0	38.0	36.0	38.0
55-59	36.902546087999205	38.0	37.8	38.0	35.8	38.0
60-64	36.87145708788213	38.0	37.8	38.0	35.2	38.0
65-69	36.908439895638445	38.0	38.0	38.0	35.6	38.0
70-74	36.903393972251195	38.0	38.0	38.0	35.6	38.0
75-79	36.84681804183559	38.0	38.0	38.0	35.2	38.0
80-84	36.82309659296827	38.0	37.2	38.0	35.2	38.0
85-89	36.78923766436277	38.0	37.6	38.0	35.2	38.0
90-94	36.80286457075043	38.0	37.4	38.0	35.0	38.0
95-99	36.68407494818208	38.0	37.0	38.0	34.4	38.0
100-104	36.63962181796888	38.0	37.0	38.0	34.4	38.0
105-109	36.69917310671657	38.0	37.0	38.0	34.8	38.0
110-114	36.548378192314225	38.0	37.0	38.0	34.0	38.0
115-119	36.56657107522887	38.0	37.0	38.0	34.0	38.0
120-124	36.44253882279189	38.0	37.0	38.0	34.0	38.0
125-129	36.39623150445165	38.0	37.0	38.0	34.0	38.0
130-134	36.453280741324406	38.0	37.0	38.0	34.0	38.0
135-139	36.337796283641396	38.0	37.0	38.0	33.6	38.0
140-144	36.06738312636989	38.0	37.0	38.0	32.4	38.0
145-149	35.92481233909079	38.0	37.0	38.0	31.8	38.0
150-154	35.88040949979811	38.0	37.0	38.0	31.4	38.0
155-159	36.05213112645016	38.0	37.0	38.0	32.2	38.0
160-164	36.02313315881328	38.0	37.0	38.0	32.2	38.0
165-169	35.83842101203639	38.0	37.0	38.0	31.0	38.0
170-174	35.7478414964821	38.0	36.4	38.0	30.8	38.0
175-179	35.82155303066529	38.0	36.8	38.0	31.2	38.0
180-184	35.66737444525377	38.0	36.4	38.0	30.6	38.0
185-189	35.520616038754135	38.0	36.2	38.0	29.6	38.0
190-194	35.34029991022031	38.0	35.8	38.0	28.8	38.0
195-199	35.023020590441	37.8	35.2	38.0	27.6	38.0
200-204	34.968946756087874	37.6	35.0	38.0	27.6	38.0
205-209	34.74385443620481	37.4	35.0	38.0	27.0	38.0
210-214	34.44166407527025	37.0	34.6	38.0	25.4	38.0
215-219	34.17956181844956	37.0	34.2	38.0	24.6	38.0
220-224	34.22727674395371	37.0	34.2	37.8	25.0	38.0
225-229	34.55384041727259	37.0	35.0	38.0	25.6	38.0
230-234	34.1421321424154	37.0	34.0	37.6	24.2	38.0
235-239	33.583441846299245	37.0	33.2	37.2	23.4	38.0
240-244	33.30962495129139	37.0	32.6	37.0	23.0	37.6
245-249	32.858146792310855	36.6	31.4	37.0	21.6	37.4
250-251	29.416473482673517	32.5	25.5	36.5	15.5	37.5
>>END_MODULE
>>Per sequence quality scores	pass
#Quality	Count
2	412.0
3	0.0
4	0.0
5	0.0
6	0.0
7	0.0
8	0.0
9	0.0
10	0.0
11	0.0
12	0.0
13	0.0
14	7.0
15	4.0
16	26.0
17	36.0
18	43.0
19	84.0
20	159.0
21	288.0
22	427.0
23	678.0
24	1021.0
25	1431.0
26	2073.0
27	2947.0
28	4189.0
29	5964.0
30	8063.0
31	11459.0
32	15166.0
33	21481.0
34	30507.0
35	46037.0
36	86966.0
37	372764.0
>>END_MODULE
>>Per base sequence content	fail
#Base	G	A	T	C
1	33.208950344872676	29.867608120035307	16.67287764375143	20.25056389134059
2	11.500768199797326	23.549736850707724	46.93537314896538	18.014121800529566
3	13.448726749697624	32.922591611912	36.25935732731849	17.369324311071885
4	9.418456408747671	21.80690399137001	49.51064038442679	19.263999215455527
5	8.858814684057402	41.06354810238305	41.33764832793959	8.739988885619955
6	19.40341930633193	48.771207217809156	22.540779967964433	9.284593507894478
7	18.257167140662286	37.4686999444281	30.81805106076951	13.456081854140105
8	17.932888758131476	42.90493936125004	25.2219607073976	13.94021117322088
9	20.1109803536988	20.456997156026283	29.78768265176032	29.644339838514593
10-14	18.547710110816908	28.826092641626623	34.60177830080743	18.024418946749044
15-19	16.587950704455558	34.918832336308064	32.06544408486156	16.427772874374817
20-24	16.634467653885128	33.31496191690366	33.54323166944526	16.507338759765943
25-29	16.86381615507829	33.3201922133961	33.15736654571606	16.658625085809554
30-34	16.822529502141155	33.34500343238208	33.16602922428165	16.666437841195123
35-39	16.826459117492924	33.31947389529593	33.127938860577544	16.72612812663361
40-44	16.878093328644685	33.245246180411584	33.09018611144643	16.7864743794973
45-49	16.912180827475726	33.22271615863425	33.06419779667708	16.800905217212954
50-54	16.81964800899404	33.248121419537235	33.113409220544106	16.81882135092462
55-59	16.924719399427218	33.066824122195946	33.08971808526722	16.918738393109614
60-64	16.894764155940152	33.23120046168647	33.069830747263076	16.804204635110292
65-69	16.880666938370343	33.15874354535636	33.06754795502631	16.893041561246985
70-74	16.88594501099157	33.17087524871562	33.0481936033526	16.89498613694021
75-79	16.972937000887313	33.19988396696471	32.99600709849157	16.831171933656407
80-84	16.863525172943557	33.11854937832615	33.10873429112513	16.90919115760516
85-89	16.89827848296724	33.128169744410314	33.05072043162951	16.922831340992943
90-94	16.94392497082355	33.20487492793768	33.009392707996454	16.841807393242313
95-99	16.821456690042005	33.20001408853076	33.07926541831374	16.89926380311349
100-104	16.91186811047046	33.04619523083192	33.11045243272285	16.931484225974767
105-109	16.988736488560342	33.06077847695844	33.05020601664449	16.900279017836727
110-114	16.843934065002756	33.13521313347354	33.086519425815695	16.93433337570801
115-119	16.902355144824917	33.107971119745336	33.03224517956353	16.957428555866226
120-124	16.93473655320435	33.132374074096916	33.030416802866675	16.902472569832057
125-129	16.890623026619416	33.114157349523396	33.031927010935064	16.963292612922125
130-134	16.88959002203906	33.03052743384463	33.116802189593805	16.96308035452251
135-139	16.978681479859713	33.09580699829541	32.95073965824192	16.974771863602957
140-144	16.819308318710036	33.17689707250148	33.04037548075585	16.96341912803263
145-149	16.90191928569419	32.99262712102818	32.98340831726535	17.122045276012283
150-154	16.892196682221993	33.07181401225149	33.07817553350031	16.957813772026213
155-159	16.824601804754995	33.05238001492517	33.10420605888574	17.0188121214341
160-164	16.853543220959093	33.075735687937055	32.988843040667454	17.081878050436398
165-169	16.84519111512008	33.10144595083223	33.03491238369991	17.018450550347783
170-174	16.877746939348583	33.135415804820326	32.95469759535468	17.032139660476417
175-179	16.884011896428174	33.04914318378573	32.94439703914803	17.122447880638067
180-184	16.88502370601123	33.01821597288785	32.98355555935917	17.11320476174175
185-189	16.749956175543353	33.17071741050272	32.97612023329541	17.10320618065851
190-194	16.89941169638888	32.94471616624912	32.96336704412764	17.192505093234363
195-199	16.900204673759024	32.998997347172384	33.02012763403527	17.080670345033315
200-204	16.846489050692263	33.15001746740949	32.9293765054149	17.07411697648335
205-209	16.80970776481633	33.080172791109256	32.88403838956656	17.226081054507855
210-214	16.81072835479429	33.13164915884303	32.9373415381625	17.120280948200175
215-219	16.755790679669246	33.11705452620723	32.993369445567	17.133785348556533
220-224	16.847317441703126	33.09143983131117	32.863735284831534	17.197507442154166
225-229	16.865955083990265	33.087864324708335	32.841884226535335	17.20429636476607
230-234	16.69825075090971	33.13931681584034	32.98747122647074	17.17496120677921
235-239	16.83906439288044	33.0237770254873	32.89378373658661	17.24337484504565
240-244	16.80723551537628	33.12244624692129	32.866168122669414	17.20415011503301
245-249	16.78814028622652	33.257249012350776	32.87955273208176	17.07505796934094
250-251	18.537278166004725	38.44226031873711	35.81619828062943	7.204263234628727
>>END_MODULE
>>Per sequence GC content	pass
#GC Content	Count
0	412.0
1	206.0
2	0.0
3	0.0
4	0.0
5	0.0
6	0.0
7	1.0
8	2.5
9	3.0
10	3.5
11	6.0
12	11.5
13	24.0
14	43.833333333333336
15	87.0
16	161.16666666666666
17	266.00000000000017
18	442.49999999999943
19	729.8333333333351
20	1170.3333333333353
21	1931.9999999999739
22	2955.5000000000477
23	4275.333333333476
24	6185.83333333303
25	8624.33333333273
26	11581.833333334216
27	15277.500000002965
28	19285.833333333816
29	23131.499999995627
30	26861.666666656954
31	30637.166666650974
32	33511.49999998281
33	35287.499999987886
34	35769.49999998887
35	35047.66666665369
36	32947.49999998086
37	29621.99999998548
38	25381.333333325376
39	20849.9999999985
40	16659.500000003474
41	12890.333333334967
42	9772.999999999969
43	7199.666666666232
44	5109.499999999966
45	3562.0000000000837
46	2548.33333333334
47	1932.8333333333026
48	1553.9999999999827
49	1279.1666666666633
50	1043.5000000000123
51	884.6666666666773
52	693.5000000000033
53	559.166666666664
54	426.1666666666635
55	312.99999999999994
56	221.5000000000003
57	176.50000000000017
58	156.66666666666669
59	103.6666666666666
60	58.833333333333336
61	38.0
62	18.333333333333332
63	11.0
64	9.0
65	8.333333333333334
66	6.0
67	4.499999999999999
68	3.833333333333333
69	2.333333333333333
70	1.0
71	1.6666666666666665
72	1.1666666666666665
73	0.3333333333333333
74	0.3333333333333333
75	0.0
76	0.0
77	0.0
78	0.5
79	0.5
80	0.0
81	0.3333333333333333
82	0.0
83	0.0
84	0.0
85	0.0
86	0.0
87	0.0
88	0.0
89	0.0
90	0.0
91	0.0
92	0.0
93	0.0
94	0.0
95	0.0
96	0.0
97	0.0
98	0.0
99	0.0
100	0.0
>>END_MODULE
>>Per base N content	pass
#Base	N-Count
1	0.06729475100942127
2	0.06729475100942127
3	0.06729475100942127
4	0.06729475100942127
5	0.06729475100942127
6	0.06729475100942127
7	0.06729475100942127
8	0.06729475100942127
9	0.06729475100942127
10-14	0.06729475100942127
15-19	0.06729475100942127
20-24	0.06729475100942127
25-29	0.06729475100942127
30-34	0.06729475100942127
35-39	0.013475969272173366
40-44	0.0
45-49	0.0
50-54	0.0
55-59	0.0
60-64	0.0
65-69	0.0
70-74	0.0
75-79	0.0
80-84	0.0
85-89	0.0
90-94	0.0
95-99	0.0
100-104	0.0
105-109	0.0
110-114	0.0
115-119	0.0
120-124	0.0
125-129	0.0
130-134	0.0
135-139	0.0
140-144	0.0
145-149	0.0
150-154	0.0
155-159	0.0
160-164	0.0
165-169	0.0
170-174	0.0
175-179	0.0
180-184	0.0
185-189	0.0
190-194	0.0
195-199	0.0
200-204	0.0
205-209	0.0
210-214	0.0
215-219	0.0
220-224	0.0
225-229	0.0
230-234	0.0
235-239	0.0
240-244	0.0
245-249	0.0
250-251	0.0
>>END_MODULE
>>Sequence Length Distribution	warn
#Length	Count
35-39	1787.0
40-44	1982.0
45-49	2496.0
50-54	2840.0
55-59	3163.0
60-64	3645.0
65-69	3959.0
70-74	4463.0
75-79	4929.0
80-84	5620.0
85-89	5811.0
90-94	6595.0
95-99	7155.0
100-104	7846.0
105-109	8278.0
110-114	9119.0
115-119	9624.0
120-124	10391.0
125-129	10607.0
130-134	11309.0
135-139	11533.0
140-144	12051.0
145-149	12385.0
150-154	12706.0
155-159	12751.0
160-164	12537.0
165-169	12684.0
170-174	12757.0
175-179	12345.0
180-184	12298.0
185-189	12201.0
190-194	11781.0
195-199	11781.0
200-204	11134.0
205-209	10851.0
210-214	10687.0
215-219	10329.0
220-224	10007.0
225-229	9592.0
230-234	9162.0
235-239	9054.0
240-244	8629.0
245-249	22681.0
250-252	218677.0
>>END_MODULE
>>Sequence Duplication Levels	pass
#Total Deduplicated Percentage	78.14006996677243
#Duplication Level	Percentage of total
1	63.280859872052034
2	21.239059276645662
3	8.229112474139942
4	3.5989425747895294
5	1.6578840334209852
6	0.8021376845766931
7	0.4123773421036485
8	0.24104418185178247
9	0.13288969304652998
>10	0.338455112407574
>50	0.0
>100	0.06723775496559195
>500	0.0
>1k	0.0
>5k	0.0
>10k+	0.0
>>END_MODULE
>>Overrepresented sequences	pass
>>END_MODULE
>>Adapter Content	pass
#Position	Illumina Universal Adapter	Illumina Small RNA 3' Adapter	Illumina Small RNA 5' Adapter	Nextera Transposase Sequence	PolyA	PolyG
1	0.0	0.0	0.0	0.0	0.0	0.002776725163010101
2	0.0	0.0	0.0	0.0	0.0	0.002776725163010101
3	0.0	0.0	0.0	0.0	0.0	0.002776725163010101
4	0.0	0.0	0.0	0.0	0.0	0.002776725163010101
5	0.0	0.0	0.0	0.0	0.0	0.002776725163010101
6	0.0	0.0	0.0	0.0	0.0	0.002776725163010101
7	0.0	0.0	0.0	0.0	0.0	0.002776725163010101
8	0.0	0.0	0.0	0.0	0.0	0.002776725163010101
9	0.0	0.0	0.0	0.0	0.0	0.002776725163010101
10-14	0.0	0.0	0.0	0.0	0.0	0.002776725163010101
15-19	0.0	0.0	0.0	0.0	0.0	0.002776725163010101
20-24	0.0	0.0	0.0	0.0	0.0	0.002776725163010101
25-29	0.0	0.0	0.0	0.0	0.0	0.002776725163010101
30-34	0.0	0.0	0.0	0.0	1.633367742947118E-4	0.002776725163010101
35-39	0.0	0.0	0.0	3.5934090344836596E-4	1.633367742947118E-4	0.002776725163010101
40-44	0.0	0.0	0.0	9.146859360503863E-4	1.633367742947118E-4	0.002776725163010101
45-49	0.0	0.0	0.0	0.0013066941943576944	1.633367742947118E-4	0.002776725163010101
50-54	0.0	0.0	0.0	0.0023520495498438503	2.2867148401259653E-4	0.002776725163010101
55-59	0.0	0.0	0.0	0.003364737550471063	3.266735485894236E-4	0.002776725163010101
60-64	0.0	0.0	0.0	0.003822080518496257	4.5734296802519317E-4	0.002776725163010101
65-69	0.0	0.0	0.0	0.004671431744828758	4.900103228841355E-4	0.002776725163010101
70-74	0.0	0.0	0.0	0.006010793294045394	4.900103228841355E-4	0.002776725163010101
75-79	0.0	0.0	0.0	0.006762142455801069	5.226776777430778E-4	0.002776725163010101
80-84	0.0	0.0	0.0	0.008787518457055495	6.533470971788472E-4	0.0028420598727279854
85-89	0.0	0.0	0.0	0.011694913039501365	6.533470971788472E-4	0.0029400619373048126
90-94	0.0	0.0	0.0	0.015092317944831374	6.533470971788472E-4	0.0029400619373048126
95-99	0.0	0.0	0.0	0.017738373688405702	6.860144520377896E-4	0.0029400619373048126
100-104	0.0	0.0	0.0	0.019600412915365416	8.166838714735589E-4	0.0029400619373048126
105-109	0.0	0.0	0.0	0.022083131884645037	0.0013720289040755793	0.002972729292163755
110-114	0.0	0.0	0.0	0.02561120620941081	0.0018293718721007722	0.0031033987115995244
115-119	0.0	0.0	0.0	0.028975943759881873	0.0024827189692796193	0.0031033987115995244
120-124	0.0	0.0	0.0	0.03240601602007082	0.0031687334213174093	0.0031033987115995244
125-129	0.0	0.0	0.0	0.036424100667720734	0.0038874152282141416	0.0031033987115995244
130-134	0.0	0.0	0.0	0.04106286505769055	0.004377425551098277	0.0031033987115995244
135-139	0.0	0.0	0.0	0.04475427615675103	0.0052267767774307776	0.0031033987115995244
140-144	0.0	0.0	0.0	0.04929503848214402	0.006566138326647415	0.0031033987115995244
145-149	0.0	0.0	0.0	0.05344379254922971	0.0085588469730429	0.0031033987115995244
150-154	0.0	0.0	0.0	0.06053260855362019	0.01022488207084896	0.0031033987115995244
155-159	0.0	0.0	0.0	0.06533470971788473	0.013066941943576943	0.0031033987115995244
160-164	0.0	0.0	0.0	0.06873211462321474	0.014602307621947235	0.0031033987115995244
165-169	0.0	0.0	0.0	0.07359955049719714	0.016921689816932144	0.0031033987115995244
170-174	0.0	0.0	0.0	0.07869565785519214	0.018718394334173973	0.0031033987115995244
175-179	0.0	0.0	0.0	0.0838244325680461	0.02146245214232513	0.0031033987115995244
180-184	0.0	0.0	0.0	0.09025990147525775	0.024435181434488886	0.0031033987115995244
185-189	0.0	0.0	0.0	0.09774072573795554	0.02753858014608841	0.0031033987115995244
190-194	0.0	0.0	0.0	0.10309817193482207	0.030445974728534282	0.0031033987115995244
195-199	0.0	0.0	0.0	0.10848828548654757	0.03488873498935044	0.0031033987115995244
200-204	0.0	0.0	0.0	0.11560976884579702	0.040376850605652756	0.0031033987115995244
205-209	0.0	0.0	0.0	0.12129388859125298	0.04671431744828758	0.0031033987115995244
210-214	0.0	0.0	0.0	0.12612865711037646	0.05230043512916671	0.0031033987115995244
215-219	0.0	0.0	0.0	0.13191077892040926	0.05870323668151942	0.0031033987115995244
220-224	0.0	0.0	0.0	0.13700688627840424	0.06536737707274368	0.0031033987115995244
225-229	0.0	0.0	0.0	0.14246233453984763	0.07134550301193011	0.0031033987115995244
230-234	0.0	0.0	0.0	0.14925714435050766	0.07840165166146167	0.0031033987115995244
235-239	0.0	0.0	0.0	0.15438591906336158	0.08562113708528793	0.0031033987115995244
240	0.0	0.0	0.0	0.1548432620313868	0.08918187876491265	0.0031033987115995244
>>END_MODULE
