##FastQC	0.12.1
>>Basic Statistics	pass
#Measure	Value
Filename	ERR13346994_1.gz
File type	Conventional base calls
Encoding	Sanger / Illumina 1.9
Total Sequences	475402
Total Bases	98.1 Mbp
Sequences flagged as poor quality	0
Sequence length	35-251
%GC	33
>>END_MODULE
>>Per base sequence quality	pass
#Base	Mean	Median	Lower Quartile	Upper Quartile	10th Percentile	90th Percentile
1	33.682651734742386	34.0	34.0	34.0	34.0	34.0
2	33.651192043786104	34.0	34.0	34.0	34.0	34.0
3	33.69772108657515	34.0	34.0	34.0	34.0	34.0
4	33.698522513577984	34.0	34.0	34.0	34.0	34.0
5	33.69208164879407	34.0	34.0	34.0	34.0	34.0
6	37.51579294996655	38.0	38.0	38.0	37.0	38.0
7	37.48226553527331	38.0	38.0	38.0	37.0	38.0
8	37.34207891426624	38.0	38.0	38.0	37.0	38.0
9	37.341776012721866	38.0	38.0	38.0	37.0	38.0
10-14	37.29573497797654	38.0	38.0	38.0	37.0	38.0
15-19	37.26621343620768	38.0	38.0	38.0	37.0	38.0
20-24	37.24496194799349	38.0	38.0	38.0	36.8	38.0
25-29	37.12741469324909	38.0	38.0	38.0	36.2	38.0
30-34	37.06633459682542	38.0	38.0	38.0	36.0	38.0
35-39	37.01205502361425	38.0	38.0	38.0	36.0	38.0
40-44	36.925609087062085	38.0	38.0	38.0	35.8	38.0
45-49	36.89581043501007	38.0	38.0	38.0	35.8	38.0
50-54	36.90403039242505	38.0	38.0	38.0	35.8	38.0
55-59	36.77661735287471	38.0	37.8	38.0	35.0	38.0
60-64	36.75103415587563	38.0	37.4	38.0	35.0	38.0
65-69	36.78651582618181	38.0	38.0	38.0	34.8	38.0
70-74	36.766113277964735	38.0	38.0	38.0	35.2	38.0
75-79	36.724553441606254	38.0	37.2	38.0	34.8	38.0
80-84	36.69920814080914	38.0	37.2	38.0	34.4	38.0
85-89	36.648874678394606	38.0	37.2	38.0	34.4	38.0
90-94	36.689332564630604	38.0	37.0	38.0	34.4	38.0
95-99	36.55107656352543	38.0	37.0	38.0	34.0	38.0
100-104	36.51224186585059	38.0	37.0	38.0	34.0	38.0
105-109	36.58050929470454	38.0	37.0	38.0	34.0	38.0
110-114	36.410183926595515	38.0	37.0	38.0	34.0	38.0
115-119	36.429810013298834	38.0	37.0	38.0	33.8	38.0
120-124	36.30692957311881	38.0	37.0	38.0	33.4	38.0
125-129	36.24315848301868	38.0	37.0	38.0	33.0	38.0
130-134	36.32226433286132	38.0	37.0	38.0	34.0	38.0
135-139	36.20711165967511	38.0	37.0	38.0	33.0	38.0
140-144	35.91620233381637	38.0	37.0	38.0	31.8	38.0
145-149	35.80077830858551	38.0	37.0	38.0	31.0	38.0
150-154	35.74427136379999	38.0	36.8	38.0	31.0	38.0
155-159	35.897322956414044	38.0	37.0	38.0	31.8	38.0
160-164	35.891636398808906	38.0	37.0	38.0	31.4	38.0
165-169	35.693845433266986	38.0	36.8	38.0	30.6	38.0
170-174	35.607311886246535	38.0	36.0	38.0	30.2	38.0
175-179	35.698581471619775	38.0	36.4	38.0	30.6	38.0
180-184	35.514104740338176	38.0	36.0	38.0	29.6	38.0
185-189	35.390225246591264	38.0	36.0	38.0	28.8	38.0
190-194	35.22049002668594	38.0	35.8	38.0	27.8	38.0
195-199	34.87369960214794	37.8	35.2	38.0	27.2	38.0
200-204	34.8507941855198	37.6	35.0	38.0	27.4	38.0
205-209	34.63257536848924	37.2	35.0	38.0	26.2	38.0
210-214	34.30748136821425	37.0	34.6	38.0	24.8	38.0
215-219	34.09320070800838	37.0	34.2	38.0	24.6	38.0
220-224	34.13343189868071	37.0	34.2	37.8	24.4	38.0
225-229	34.435575463769155	37.0	35.0	38.0	24.8	38.0
230-234	34.04149446322606	37.0	34.0	37.6	24.0	38.0
235-239	33.48886511137162	37.0	33.2	37.2	23.0	38.0
240-244	33.230890408492044	37.0	32.6	37.0	22.2	37.6
245-249	32.787577875359524	36.6	31.4	37.0	21.4	37.2
250-251	29.364919184745354	32.5	25.5	36.5	15.5	37.5
>>END_MODULE
>>Per sequence quality scores	pass
#Quality	Count
2	220.0
3	0.0
4	0.0
5	0.0
6	0.0
7	0.0
8	0.0
9	0.0
10	0.0
11	0.0
12	0.0
13	5.0
14	9.0
15	38.0
16	78.0
17	173.0
18	287.0
19	300.0
20	384.0
21	421.0
22	561.0
23	712.0
24	971.0
25	1363.0
26	1985.0
27	2813.0
28	3839.0
29	5477.0
30	7139.0
31	9741.0
32	13031.0
33	17610.0
34	24030.0
35	36211.0
36	68328.0
37	279676.0
>>END_MODULE
>>Per base sequence content	fail
#Base	G	A	T	C
1	32.97810102234512	29.79300562731753	16.945717640819726	20.283175709517618
2	11.451612224368768	23.46595620204469	47.031032320247824	18.051399253338722
3	13.27049425272843	32.91728222028612	36.454242795392084	17.35798073159337
4	9.290755962978396	22.011776540357168	49.55154025194557	19.145927244718866
5	8.678569474432955	40.99986952367725	41.49652133287877	8.825039669011032
6	19.11183504425673	48.85812173020022	22.763278070297275	9.266765155245778
7	18.283099949072145	37.52814710994945	30.859965234373355	13.328787706605047
8	18.22922585451469	42.15016562075163	25.462664831580323	14.15794369315336
9	20.468157463877	20.265919163604682	29.62675353864414	29.639169833874178
10-14	18.4919883328914	28.745280755584172	34.76996182515331	17.992769086371116
15-19	16.703873463220408	34.81495511193606	32.0645984065053	16.416573018338237
20-24	16.669276193121792	33.29722085432529	33.48026650841152	16.553236444141405
25-29	16.917223295495198	33.25723617477093	33.07128637027497	16.754254159458903
30-34	16.86339129007412	33.27289333350169	33.14616294388256	16.717552432541638
35-39	16.876903330997685	33.21624198242872	33.114716959521374	16.79213772705223
40-44	16.924557249515836	33.19939980907618	33.05736699768285	16.81867594372514
45-49	16.965730733261516	33.191545313258366	33.039596358636736	16.803127594843374
50-54	16.88224862631947	33.09165769674441	33.17055344455613	16.855540232379983
55-59	16.937925837919757	32.88783753960455	33.17201651410243	17.002220108373265
60-64	16.875924057168337	33.157763360293224	33.116374133013025	16.84993844952541
65-69	16.837518386620623	33.02862444518881	33.15100202263535	16.982855145555213
70-74	16.839382697244375	32.9952591299828	33.169911438930214	16.995446733842616
75-79	16.93353167310262	33.12454324916866	33.06313864036358	16.878786437365136
80-84	16.820000121773756	33.02813060757276	33.23666816564362	16.915201105009857
85-89	16.878081522852057	32.95669546984418	33.18252066600274	16.982702341301025
90-94	16.89323494199673	33.11194254444156	33.068187276073715	16.926635237487996
95-99	16.753865545546685	33.072032787962826	33.147758130148105	17.026343536342388
100-104	16.872494366455303	32.99646326758587	33.140880961374656	16.990161404584175
105-109	16.913081900052624	33.0664431999124	33.11214408175843	16.90833081827655
110-114	16.788160252616404	33.022167052842164	33.19532857238252	16.99434412215891
115-119	16.855432857531493	32.95737400319422	33.208923459010904	16.978269680263384
120-124	16.900250371997316	33.07904146505099	33.12509604464717	16.895612118304516
125-129	16.78575433381545	32.956050806514455	33.24327714562114	17.014917714048956
130-134	16.887778773430664	33.07113044971251	33.08241594476474	16.95867483209209
135-139	16.899074373244442	32.949694325970256	33.15238202168964	16.998849279095662
140-144	16.728904773949697	32.9896392883852	33.24901878318638	17.032437154478725
145-149	16.81925623200461	32.96326105602792	33.13424746405752	17.083235247909954
150-154	16.837508506647634	33.020783192524114	33.15580028881106	16.985908012017195
155-159	16.73877305862751	32.95467979407666	33.26167755110047	17.04486959619537
160-164	16.82829729187345	32.98555629681458	33.11339635842947	17.072750052882505
165-169	16.774751885404303	33.024751191066706	33.19061455542675	17.009882368102243
170-174	16.761268211034505	33.088773633781	33.10368974488895	17.046268410295532
175-179	16.877983742383442	32.95745945090084	33.05795215729212	17.1066046494236
180-184	16.770817889720753	32.95808480996779	33.14577909936753	17.125318200943934
185-189	16.74930867670137	32.942164580920156	33.21727453542025	17.09125220695822
190-194	16.893642454857318	32.945819891679164	33.07126474453394	17.08927290892958
195-199	16.738153908750576	32.88666072266111	33.27993322478873	17.09525214379958
200-204	16.711197228250647	33.02933893184633	33.138558477290765	17.120905362612262
205-209	16.751089735522285	32.92603982914672	33.1244137608791	17.198456674451897
210-214	16.732844108341517	32.949547237199475	33.16896636865285	17.148642285806158
215-219	16.661466574275476	33.10215772954826	33.07243938680906	17.163936309367205
220-224	16.75424073739714	33.03628534967913	33.05426430129968	17.15520961162404
225-229	16.762502439683516	32.882666828917145	33.11498001237423	17.239850719025107
230-234	16.706697210706526	32.989604032335755	33.07467234006423	17.22902641689349
235-239	16.61023436828145	32.93726740646937	33.19998111429058	17.2525171109586
240-244	16.65636335457267	33.000928168790885	33.13223009530709	17.210478381329352
245-249	16.6838205115484	33.1615242717133	33.09585556492678	17.058799651811526
250-251	18.412458640978155	37.89897512948633	36.56930441583993	7.119261813695582
>>END_MODULE
>>Per sequence GC content	pass
#GC Content	Count
0	220.0
1	110.0
2	0.0
3	0.0
4	0.0
5	0.0
6	0.0
7	0.0
8	0.0
9	0.0
10	0.8333333333333333
11	2.833333333333333
12	3.5
13	9.333333333333332
14	25.666666666666664
15	47.16666666666667
16	84.16666666666666
17	150.16666666666669
18	271.0000000000004
19	478.3333333333317
20	819.1666666666723
21	1302.3333333333305
22	1949.8333333332828
23	2937.5000000000914
24	4174.833333333601
25	5750.499999999706
26	7625.333333332325
27	10043.166666666863
28	12945.166666669094
29	16211.500000005255
30	19304.333333333972
31	22175.499999995824
32	24759.833333324168
33	26440.666666653935
34	26897.999999986543
35	26162.49999998808
36	24255.333333325027
37	21576.333333330123
38	18462.333333335424
39	15116.000000004165
40	11969.83333333486
41	9129.833333332881
42	6788.16666666611
43	4797.833333333358
44	3429.5000000001064
45	2414.8333333333285
46	1675.3333333333126
47	1309.9999999999939
48	1101.1666666666767
49	871.6666666666774
50	677.16666666667
51	598.8333333333334
52	477.33333333332905
53	359.8333333333321
54	291.00000000000057
55	193.66666666666717
56	136.99999999999983
57	115.99999999999984
58	105.66666666666653
59	68.16666666666673
60	37.5
61	23.0
62	18.499999999999996
63	17.999999999999996
64	16.83333333333334
65	14.833333333333337
66	10.500000000000002
67	6.166666666666666
68	6.833333333333333
69	6.666666666666665
70	3.0
71	2.1666666666666665
72	2.5
73	1.1666666666666665
74	0.5
75	0.8333333333333333
76	0.0
77	0.3333333333333333
78	0.6666666666666666
79	1.0
80	1.0
81	0.3333333333333333
82	0.0
83	0.3333333333333333
84	0.3333333333333333
85	0.0
86	0.0
87	0.0
88	0.0
89	0.3333333333333333
90	0.0
91	0.3333333333333333
92	0.0
93	0.0
94	0.0
95	0.0
96	0.0
97	0.0
98	0.0
99	0.0
100	0.0
>>END_MODULE
>>Per base N content	pass
#Base	N-Count
1	0.04627662483540246
2	0.04627662483540246
3	0.04627662483540246
4	0.04627662483540246
5	0.04627662483540246
6	0.04627662483540246
7	0.04627662483540246
8	0.04627662483540246
9	0.04627662483540246
10-14	0.04627662483540246
15-19	0.04627662483540246
20-24	0.04627662483540246
25-29	0.04627662483540246
30-34	0.04627662483540246
35-39	0.009263142293655085
40-44	0.0
45-49	0.0
50-54	0.0
55-59	0.0
60-64	0.0
65-69	0.0
70-74	0.0
75-79	0.0
80-84	0.0
85-89	0.0
90-94	0.0
95-99	0.0
100-104	0.0
105-109	0.0
110-114	0.0
115-119	0.0
120-124	0.0
125-129	0.0
130-134	0.0
135-139	0.0
140-144	0.0
145-149	0.0
150-154	0.0
155-159	0.0
160-164	0.0
165-169	0.0
170-174	0.0
175-179	0.0
180-184	0.0
185-189	0.0
190-194	0.0
195-199	0.0
200-204	0.0
205-209	0.0
210-214	0.0
215-219	0.0
220-224	0.0
225-229	0.0
230-234	0.0
235-239	0.0
240-244	0.0
245-249	0.0
250-251	0.0
>>END_MODULE
>>Sequence Length Distribution	warn
#Length	Count
35-39	912.0
40-44	953.0
45-49	1248.0
50-54	1374.0
55-59	1529.0
60-64	1715.0
65-69	1964.0
70-74	2241.0
75-79	2506.0
80-84	2737.0
85-89	3002.0
90-94	3401.0
95-99	3820.0
100-104	4195.0
105-109	4586.0
110-114	4914.0
115-119	5157.0
120-124	5790.0
125-129	6096.0
130-134	6573.0
135-139	6923.0
140-144	7317.0
145-149	7698.0
150-154	8094.0
155-159	8459.0
160-164	8680.0
165-169	8644.0
170-174	8925.0
175-179	9077.0
180-184	9136.0
185-189	9150.0
190-194	9182.0
195-199	9155.0
200-204	9034.0
205-209	9006.0
210-214	8932.0
215-219	8507.0
220-224	8339.0
225-229	8255.0
230-234	7981.0
235-239	7477.0
240-244	7440.0
245-249	20962.0
250-252	204316.0
>>END_MODULE
>>Sequence Duplication Levels	pass
#Total Deduplicated Percentage	81.95749039441903
#Duplication Level	Percentage of total
1	68.76271438459015
2	19.939070983975128
3	6.811854277205303
4	2.483850632047899
5	0.9820388517085885
6	0.4350215229062729
7	0.22442653739044136
8	0.10701010187285645
9	0.05925043972078949
>10	0.14842850483006043
>50	0.0
>100	0.04633376375250827
>500	0.0
>1k	0.0
>5k	0.0
>10k+	0.0
>>END_MODULE
>>Overrepresented sequences	pass
>>END_MODULE
>>Adapter Content	pass
#Position	Illumina Universal Adapter	Illumina Small RNA 3' Adapter	Illumina Small RNA 5' Adapter	Nextera Transposase Sequence	PolyA	PolyG
1	0.0	0.0	0.0	0.0	0.0	0.00567940395707212
2	0.0	0.0	0.0	0.0	0.0	0.00567940395707212
3	0.0	0.0	0.0	0.0	0.0	0.00567940395707212
4	0.0	0.0	0.0	0.0	0.0	0.00567940395707212
5	0.0	0.0	0.0	0.0	0.0	0.00567940395707212
6	0.0	0.0	0.0	0.0	0.0	0.00567940395707212
7	0.0	0.0	0.0	0.0	0.0	0.00567940395707212
8	0.0	0.0	0.0	0.0	0.0	0.00567940395707212
9	0.0	0.0	0.0	0.0	0.0	0.00567940395707212
10-14	0.0	0.0	0.0	0.0	0.0	0.00567940395707212
15-19	0.0	0.0	0.0	0.0	0.0	0.00567940395707212
20-24	0.0	0.0	0.0	0.0	0.0	0.00567940395707212
25-29	0.0	0.0	0.0	0.0	0.0	0.00567940395707212
30-34	0.0	0.0	0.0	0.0	0.0	0.00567940395707212
35-39	0.0	0.0	0.0	5.469055662365746E-4	0.0	0.00567940395707212
40-44	0.0	0.0	0.0	9.676021556493241E-4	0.0	0.00567940395707212
45-49	0.0	0.0	0.0	0.001093811132473149	0.0	0.00567940395707212
50-54	0.0	0.0	0.0	0.0014724380629446236	0.0	0.00567940395707212
55-59	0.0	0.0	0.0	0.0015986470397684484	8.413931788254993E-5	0.00567940395707212
60-64	0.0	0.0	0.0	0.0023979705596526733	3.786269304714747E-4	0.00567940395707212
65-69	0.0	0.0	0.0	0.003239363738478172	4.206965894127496E-4	0.00567940395707212
70-74	0.0	0.0	0.0	0.0038283389636560214	4.206965894127496E-4	0.0057635432749546705
75-79	0.0	0.0	0.0	0.005216637708718096	4.206965894127496E-4	0.005889752251778495
80-84	0.0	0.0	0.0	0.006184239864367419	4.206965894127496E-4	0.005889752251778495
85-89	0.0	0.0	0.0	0.006983563384251644	4.206965894127496E-4	0.005889752251778495
90-94	0.0	0.0	0.0	0.008834628377667741	4.206965894127496E-4	0.005889752251778495
95-99	0.0	0.0	0.0	0.010559484394260016	4.206965894127496E-4	0.005889752251778495
100-104	0.0	0.0	0.0	0.011232598937320416	5.469055662365746E-4	0.005889752251778495
105-109	0.0	0.0	0.0	0.013336081884384163	0.001051741473531874	0.005889752251778495
110-114	0.0	0.0	0.0	0.015145077218858988	0.0016407166987097237	0.005889752251778495
115-119	0.0	0.0	0.0	0.017711326414276758	0.0018089953344748236	0.005889752251778495
120-124	0.0	0.0	0.0	0.019941018338164328	0.0022296919238875734	0.005889752251778495
125-129	0.0	0.0	0.0	0.023054173099818682	0.0029448761258892473	0.005889752251778495
130-134	0.0	0.0	0.0	0.02578870093100155	0.003954547940479847	0.005889752251778495
135-139	0.0	0.0	0.0	0.029154273646303547	0.004459383847775146	0.005889752251778495
140-144	0.0	0.0	0.0	0.03306675192784212	0.0051324983908355454	0.005889752251778495
145-149	0.0	0.0	0.0	0.03685302123255687	0.00618423986436742	0.005889752251778495
150-154	0.0	0.0	0.0	0.04257449484857027	0.006647006112721445	0.005889752251778495
155-159	0.0	0.0	0.0	0.047580784262581985	0.007656677927312043	0.005889752251778495
160-164	0.0	0.0	0.0	0.05220844674612224	0.00917118564919794	0.005889752251778495
165-169	0.0	0.0	0.0	0.0574671541137816	0.009802230533317066	0.005889752251778495
170-174	0.0	0.0	0.0	0.06390381193179667	0.01119052927837914	0.005889752251778495
175-179	0.0	0.0	0.0	0.07021426077298791	0.012999524612853964	0.005889752251778495
180-184	0.0	0.0	0.0	0.07639850063735534	0.015271286195682812	0.005889752251778495
185-189	0.0	0.0	0.0	0.08245653152489893	0.01762718709639421	0.005889752251778495
190-194	0.0	0.0	0.0	0.08813593548197104	0.021876222649462977	0.005889752251778495
195-199	0.0	0.0	0.0	0.09507742920728142	0.02578870093100155	0.005889752251778495
200-204	0.0	0.0	0.0	0.09932646476035019	0.030542572391365624	0.005889752251778495
205-209	0.0	0.0	0.0	0.10504793837636359	0.03538058316961225	0.005889752251778495
210-214	0.0	0.0	0.0	0.11127424789967229	0.040471011901506516	0.005889752251778495
215-219	0.0	0.0	0.0	0.12095026945616552	0.045182813702929314	0.005889752251778495
220-224	0.0	0.0	0.0	0.12839659908877118	0.05035738175270613	0.005889752251778495
225-229	0.0	0.0	0.0	0.1366422522412611	0.056120925027660806	0.005889752251778495
230-234	0.0	0.0	0.0	0.14446720880433822	0.06339897602450137	0.005889752251778495
235-239	0.0	0.0	0.0	0.15124042389388348	0.06773215089545269	0.005889752251778495
240	0.0	0.0	0.0	0.15208181707270899	0.07025633043192919	0.005889752251778495
>>END_MODULE
