##FastQC	0.12.1
>>Basic Statistics	pass
#Measure	Value
Filename	ERR13347008_2.gz
File type	Conventional base calls
Encoding	Sanger / Illumina 1.9
Total Sequences	657432
Total Bases	117.3 Mbp
Sequences flagged as poor quality	0
Sequence length	35-251
%GC	34
>>END_MODULE
>>Per base sequence quality	pass
#Base	Mean	Median	Lower Quartile	Upper Quartile	10th Percentile	90th Percentile
1	32.78533141070103	34.0	34.0	34.0	31.0	34.0
2	32.79917162535441	34.0	34.0	34.0	31.0	34.0
3	32.893970783290136	34.0	34.0	34.0	32.0	34.0
4	32.87794631231823	34.0	34.0	34.0	32.0	34.0
5	32.96442521812142	34.0	34.0	34.0	32.0	34.0
6	36.50250824419864	38.0	37.0	38.0	34.0	38.0
7	36.507990179972985	38.0	37.0	38.0	34.0	38.0
8	36.23633470838049	38.0	37.0	38.0	34.0	38.0
9	36.40063306927561	38.0	37.0	38.0	34.0	38.0
10-14	36.10989729736307	38.0	37.0	38.0	32.8	38.0
15-19	36.0804195719101	38.0	37.0	38.0	33.2	38.0
20-24	36.32673797442169	38.0	37.0	38.0	34.0	38.0
25-29	36.24876337020407	38.0	37.0	38.0	33.8	38.0
30-34	36.16815883619903	38.0	37.0	38.0	33.6	38.0
35-39	36.075110901956045	38.0	37.0	38.0	33.0	38.0
40-44	36.003075543942536	38.0	37.0	38.0	33.4	38.0
45-49	36.253897382364116	38.0	37.0	38.0	34.0	38.0
50-54	36.315423028901236	38.0	37.0	38.0	34.0	38.0
55-59	36.150257724852636	38.0	37.0	38.0	33.8	38.0
60-64	36.110180916482165	38.0	37.0	38.0	33.6	38.0
65-69	35.99747926557948	38.0	37.0	38.0	32.6	38.0
70-74	35.94005186341617	38.0	37.0	38.0	32.6	38.0
75-79	35.83767655160127	38.0	37.0	38.0	32.0	38.0
80-84	35.64291053224784	38.0	37.0	38.0	31.0	38.0
85-89	35.732891660747995	38.0	37.0	38.0	31.0	38.0
90-94	35.68836437847251	38.0	37.0	38.0	31.0	38.0
95-99	35.66290283912588	38.0	37.0	38.0	31.0	38.0
100-104	35.51729485245049	38.0	36.8	38.0	30.0	38.0
105-109	35.211815972242285	38.0	36.2	38.0	28.2	38.0
110-114	35.05927837630767	38.0	36.0	38.0	27.8	38.0
115-119	35.07340091639978	38.0	36.0	38.0	28.0	38.0
120-124	35.10838482851415	38.0	36.0	38.0	27.2	38.0
125-129	35.07245800904024	38.0	36.0	38.0	27.0	38.0
130-134	34.911112691248555	38.0	36.0	38.0	26.2	38.0
135-139	34.78840525635826	38.0	35.8	38.0	25.6	38.0
140-144	34.756380278995664	38.0	35.4	38.0	25.2	38.0
145-149	34.54402419735344	38.0	34.8	38.0	25.2	38.0
150-154	34.21186115039481	37.4	34.4	38.0	24.4	38.0
155-159	34.05626208313773	37.4	34.2	38.0	23.8	38.0
160-164	33.8060583040122	37.2	33.8	38.0	23.2	38.0
165-169	33.77031067108379	37.0	33.8	38.0	23.0	38.0
170-174	33.33050492975465	37.0	32.4	38.0	22.0	38.0
175-179	33.36505035558014	37.0	32.6	38.0	22.2	38.0
180-184	33.62895052599061	37.0	34.0	38.0	22.8	38.0
185-189	33.22527651085181	37.0	32.4	38.0	21.2	38.0
190-194	32.68509036768124	37.0	30.8	38.0	20.0	38.0
195-199	32.03029237157985	36.8	29.0	37.8	18.0	38.0
200-204	31.90277664681384	36.4	29.0	37.6	17.2	38.0
205-209	32.23807357194233	37.0	30.0	37.6	18.4	38.0
210-214	31.7314666543732	36.8	28.8	37.2	17.2	37.8
215-219	31.310465415060612	36.4	28.0	37.0	16.2	37.4
220-224	30.913534558489538	35.4	27.2	37.0	15.2	37.6
225-229	30.174004572390306	34.6	25.2	37.0	13.0	37.2
230-234	29.380157142355365	34.0	24.0	37.0	10.0	37.0
235-239	28.931907158644655	33.2	23.4	36.8	10.0	37.0
240-244	28.20071850861886	32.2	21.8	36.4	10.0	37.0
245-249	27.637228420998873	31.8	21.0	36.0	9.0	37.0
250-251	24.19390717997055	26.0	15.0	33.0	8.5	36.5
>>END_MODULE
>>Per sequence quality scores	pass
#Quality	Count
2	724.0
3	0.0
4	0.0
5	0.0
6	0.0
7	0.0
8	0.0
9	0.0
10	0.0
11	2.0
12	18.0
13	49.0
14	75.0
15	110.0
16	189.0
17	303.0
18	622.0
19	1130.0
20	1766.0
21	2563.0
22	3334.0
23	4028.0
24	5163.0
25	6084.0
26	7400.0
27	8990.0
28	10929.0
29	13379.0
30	16170.0
31	20056.0
32	24491.0
33	31260.0
34	41142.0
35	59523.0
36	104986.0
37	292946.0
>>END_MODULE
>>Per base sequence content	fail
#Base	G	A	T	C
1	33.05258958319375	29.670416684432045	16.71443015769566	20.562563574678546
2	11.249139648062762	23.27670745597739	47.504827107329284	17.969325788630563
3	13.292818117032226	32.867880397376005	36.51897037952941	17.32033110606236
4	9.259823239552434	21.59620409679797	49.68189819524051	19.462074468409096
5	8.697929673462177	40.84646448649933	41.50063650815888	8.954969331879619
6	19.353959446207448	48.57577492584223	22.583857665811898	9.486407962138424
7	18.121600467787815	37.628139142510825	30.856484160387875	13.393776229313485
8	17.869585873782565	42.61345986344007	25.54773202092863	13.969222241848737
9	20.251314130481127	20.269282542621685	29.94481565627341	29.53458767062378
10-14	18.452523800532354	28.62301053131681	34.82464047948251	18.099825188668326
15-19	16.652149813920342	34.594644804083394	32.27087229027209	16.482333091724175
20-24	16.6172484574575	33.09818062213343	33.673261175438704	16.611309744970367
25-29	16.867496665184525	33.06617248457457	33.28231116417037	16.784019686070522
30-34	16.8172155661268	33.07658807262893	33.30816740469128	16.798028956552987
35-39	16.80825251968751	33.079715635157605	33.30908441216133	16.802947432993555
40-44	16.824554500316165	33.04669880868355	33.24478712931165	16.883959561688634
45-49	16.935002595905306	32.97507992493738	33.24409331463543	16.84582416452189
50-54	16.869816273779822	32.988570799485835	33.209153904240324	16.93245902249402
55-59	16.875843134215092	32.87151353453115	33.19273282381667	17.059910507437085
60-64	16.913674020949994	33.020115979479	33.140959480363485	16.925250519207523
65-69	16.861135585470038	32.92965246056265	33.213859515232436	16.99535243873488
70-74	16.85883171474501	32.8733774084575	33.24256514385458	17.02522573294292
75-79	16.90153128267339	32.97354837466369	33.10015087124141	17.02476947142151
80-84	16.815823943248738	32.87229672810985	33.24426442062717	17.067614908014246
85-89	16.89582971870773	32.85788162445065	33.12985868849311	17.116429968348513
90-94	16.945181238845898	32.93035929460278	33.088553330632735	17.035906135918587
95-99	16.830812189668386	32.96991073646788	33.10403347994807	17.09524359391566
100-104	16.900008690200778	32.776254509159216	33.16173464990471	17.162002150735287
105-109	16.96994480405017	32.737454792002026	33.197707814014144	17.094892589933668
110-114	16.824306260626123	32.84988855713024	33.21301658726487	17.112788594978763
115-119	16.884076166804174	32.74364887700366	33.19181369242062	17.18046126377155
120-124	16.944515870975117	32.82965724788816	33.11818075039126	17.107646130745472
125-129	16.851317915056335	32.89041572091691	33.11772283908962	17.140543524937122
130-134	16.873210129007887	32.67138971018071	33.162687534161876	17.292712626649532
135-139	16.925986748076866	32.75982231268446	33.064346845500275	17.249844093738396
140-144	16.857029989051796	32.75355252316617	33.12859061614691	17.26082687163512
145-149	16.86731381294735	32.6650966557458	33.11332604444228	17.354263486864564
150-154	16.872669380188444	32.72505327823553	33.145364745030435	17.256912596545593
155-159	16.839599050456812	32.601502806063145	33.25152127163919	17.30737687184085
160-164	16.884877049051898	32.573409670407266	33.160143857988814	17.381569422552026
165-169	16.929461931577748	32.62795264911082	33.06185779542767	17.38072762388377
170-174	16.778660024457455	32.59187043183752	33.21102726949975	17.418442274205272
175-179	16.893401526558403	32.50738945394468	33.05151797861319	17.547691040883727
180-184	16.89877796974165	32.648795161293265	32.95027107882007	17.50215579014501
185-189	16.76292243126124	32.579161196151794	33.16213467711946	17.495781695467507
190-194	16.817544399189888	32.52289122740613	33.11858227502067	17.54098209838332
195-199	16.935763817708207	32.42169669238738	33.08097787909352	17.561561610810898
200-204	16.769508538679833	32.492280647197354	33.101238007402344	17.63697280672047
205-209	16.778048136272485	32.540087737807674	33.020092931838676	17.661771194081165
210-214	16.79858752642252	32.5747116915629	32.96226756618286	17.66443321583173
215-219	16.713803630409036	32.63991156144544	32.99170649613997	17.65457831200555
220-224	16.760276544811145	32.53529188911076	32.94185378991792	17.762577776160168
225-229	16.713399944709924	32.51983660237335	32.91983110770747	17.84693234520925
230-234	16.49855875703146	32.54804811088977	32.9833150636382	17.970078068440564
235-239	16.554490479413538	32.58458921723521	32.90306555404633	17.957854749304918
240-244	16.501241763447652	32.512955971231285	32.95405714504467	18.031745120276394
245-249	16.51570916955189	32.554339738693066	32.90979256158173	18.020158530173312
250-251	17.251580458914027	37.560700943210726	37.92386388688621	7.263854710989031
>>END_MODULE
>>Per sequence GC content	pass
#GC Content	Count
0	724.0
1	362.0
2	0.0
3	0.0
4	0.0
5	0.0
6	0.0
7	1.0
8	2.0
9	5.0
10	8.0
11	10.833333333333332
12	20.833333333333332
13	39.0
14	63.0
15	105.66666666666666
16	190.50000000000003
17	334.83333333333337
18	575.1666666666665
19	994.3333333333361
20	1610.1666666666604
21	2491.3333333333303
22	3654.0000000000723
23	5250.333333333272
24	7455.49999999961
25	10135.500000000111
26	13539.000000001346
27	17764.000000001462
28	22310.833333331204
29	27050.166666660043
30	31496.666666655266
31	35332.8333333253
32	38521.16666666498
33	40616.33333333624
34	41200.000000004206
35	40269.16666666876
36	37974.16666666364
37	34272.99999998902
38	29953.66666665581
39	25089.16666666139
40	20410.99999999943
41	16103.666666669162
42	12365.166666667548
43	9201.833333333187
44	6651.333333333098
45	4758.50000000002
46	3351.8333333333762
47	2488.1666666666674
48	2010.6666666666363
49	1597.9999999999845
50	1297.9999999999973
51	1108.5000000000073
52	805.83333333334
53	586.6666666666666
54	480.3333333333302
55	372.1666666666659
56	287.1666666666669
57	241.83333333333385
58	194.66666666666694
59	120.3333333333332
60	80.16666666666666
61	45.16666666666668
62	21.166666666666668
63	13.666666666666668
64	9.166666666666664
65	6.666666666666666
66	6.333333333333332
67	5.166666666666666
68	3.0
69	0.6666666666666666
70	1.3333333333333333
71	1.6666666666666665
72	1.3333333333333333
73	2.8333333333333335
74	1.1666666666666665
75	0.8333333333333333
76	1.6666666666666665
77	0.5
78	0.0
79	0.3333333333333333
80	1.0
81	1.0
82	1.0
83	1.0
84	0.3333333333333333
85	1.0
86	0.3333333333333333
87	0.0
88	0.3333333333333333
89	1.0
90	1.0
91	0.3333333333333333
92	0.6666666666666666
93	1.3333333333333333
94	0.6666666666666666
95	0.3333333333333333
96	0.6666666666666666
97	0.3333333333333333
98	0.6666666666666666
99	1.0
100	3.0
>>END_MODULE
>>Per base N content	pass
#Base	N-Count
1	0.11012545784202776
2	0.11012545784202776
3	0.11012545784202776
4	0.11012545784202776
5	0.11012545784202776
6	0.11012545784202776
7	0.11012545784202776
8	0.11012545784202776
9	0.11012545784202776
10-14	0.11012545784202776
15-19	0.11012545784202776
20-24	0.11012545784202776
25-29	0.11012545784202776
30-34	0.11012545784202776
35-39	0.02206916733092625
40-44	0.0
45-49	0.0
50-54	0.0
55-59	0.0
60-64	0.0
65-69	0.0
70-74	0.0
75-79	0.0
80-84	0.0
85-89	0.0
90-94	0.0
95-99	0.0
100-104	0.0
105-109	0.0
110-114	0.0
115-119	0.0
120-124	0.0
125-129	0.0
130-134	0.0
135-139	0.0
140-144	0.0
145-149	0.0
150-154	0.0
155-159	0.0
160-164	0.0
165-169	0.0
170-174	0.0
175-179	0.0
180-184	0.0
185-189	0.0
190-194	0.0
195-199	0.0
200-204	0.0
205-209	0.0
210-214	0.0
215-219	0.0
220-224	0.0
225-229	0.0
230-234	0.0
235-239	0.0
240-244	0.0
245-249	0.0
250-251	0.0
>>END_MODULE
>>Sequence Length Distribution	warn
#Length	Count
35-39	3020.0
40-44	3271.0
45-49	4297.0
50-54	4824.0
55-59	5527.0
60-64	6183.0
65-69	6913.0
70-74	7793.0
75-79	8549.0
80-84	9520.0
85-89	10050.0
90-94	11282.0
95-99	11851.0
100-104	12902.0
105-109	13195.0
110-114	14023.0
115-119	14308.0
120-124	14885.0
125-129	14990.0
130-134	15583.0
135-139	15379.0
140-144	15337.0
145-149	15147.0
150-154	15064.0
155-159	14926.0
160-164	14305.0
165-169	13993.0
170-174	13544.0
175-179	13069.0
180-184	12540.0
185-189	12071.0
190-194	11856.0
195-199	11201.0
200-204	10754.0
205-209	10500.0
210-214	9857.0
215-219	9525.0
220-224	8947.0
225-229	8590.0
230-234	8120.0
235-239	7765.0
240-244	7066.0
245-249	20774.0
250-252	184136.0
>>END_MODULE
>>Sequence Duplication Levels	pass
#Total Deduplicated Percentage	79.8694198685296
#Duplication Level	Percentage of total
1	66.08508054554746
2	19.879068734400786
3	7.537365210726199
4	3.221300491327203
5	1.4377782354838364
6	0.69102339445295
7	0.4208403210571834
8	0.2156174590567483
9	0.1281826494082758
>10	0.27356691682216044
>50	0.0
>100	0.0
>500	0.11017604171720306
>1k	0.0
>5k	0.0
>10k+	0.0
>>END_MODULE
>>Overrepresented sequences	warn
#Sequence	Count	Percentage	Possible Source
NNNNNNNNNNNNNNNNNNNNNNNNNNNNNNNNNNN	724	0.11012545784202776	No Hit
>>END_MODULE
>>Adapter Content	pass
#Position	Illumina Universal Adapter	Illumina Small RNA 3' Adapter	Illumina Small RNA 5' Adapter	Nextera Transposase Sequence	PolyA	PolyG
1	0.0	0.0	0.0	0.0	0.0	0.0
2	0.0	0.0	0.0	0.0	0.0	0.0
3	0.0	0.0	0.0	0.0	0.0	0.0
4	0.0	0.0	0.0	0.0	0.0	0.0
5	0.0	0.0	0.0	0.0	0.0	0.0
6	0.0	0.0	0.0	0.0	0.0	0.0
7	0.0	0.0	0.0	0.0	0.0	0.0
8	0.0	0.0	0.0	0.0	0.0	0.0
9	0.0	0.0	0.0	0.0	0.0	0.0
10-14	0.0	0.0	0.0	0.0	0.0	9.126419158179096E-5
15-19	0.0	0.0	0.0	0.0	0.0	0.001399384270920795
20-24	0.0	0.0	0.0	0.0	1.5210698596965162E-4	0.0020078122147994012
25-29	0.0	0.0	0.0	0.0	2.737925747453729E-4	0.0021294978035751224
30-34	0.0	0.0	0.0	5.171637522968155E-4	4.563209579089548E-4	0.0021294978035751224
35-39	0.0	0.0	0.0	0.0012472772849511434	4.563209579089548E-4	0.0021294978035751224
40-44	0.0	0.0	0.0	0.002646661555871938	5.780065466846762E-4	0.0021294978035751224
45-49	0.0	0.0	0.0	0.003863517443629151	6.084279438786065E-4	0.0021294978035751224
50-54	0.0	0.0	0.0	0.005415008700519598	6.084279438786065E-4	0.0021294978035751224
55-59	0.0	0.0	0.0	0.007392399518125069	6.084279438786065E-4	0.0021294978035751224
60-64	0.0	0.0	0.0	0.009035154966597306	6.388493410725368E-4	0.0021294978035751224
65-69	0.0	0.0	0.0	0.01207729468599034	7.605349298482581E-4	0.0021294978035751224
70-74	0.0	0.0	0.0	0.01597123352681342	7.605349298482581E-4	0.002281604789544774
75-79	0.0	0.0	0.0	0.019713065381666846	7.605349298482581E-4	0.002281604789544774
80-84	0.0	0.0	0.0	0.022724783703865957	8.517991214300492E-4	0.002281604789544774
85-89	0.0	0.0	0.0	0.027135886296985844	9.126419158179096E-4	0.002281604789544774
90-94	0.0	0.0	0.0	0.031881624259238975	0.0011560130933693524	0.002281604789544774
95-99	0.0	0.0	0.0	0.03592767008603172	0.001308120079339004	0.002281604789544774
100-104	0.0	0.0	0.0	0.041768578347266334	0.0015210698596965161	0.002281604789544774
105-109	0.0	0.0	0.0	0.047031480061816275	0.0018252838316358193	0.002281604789544774
110-114	0.0	0.0	0.0	0.05408924421080811	0.002159919200769053	0.002281604789544774
115-119	0.0	0.0	0.0	0.06202922887842392	0.003528882074495918	0.002281604789544774
120-124	0.0	0.0	0.0	0.07100354105063336	0.004897844948222782	0.002281604789544774
125-129	0.0	0.0	0.0	0.07842636196595237	0.006297229219143577	0.002281604789544774
130-134	0.0	0.0	0.0	0.08536244052616848	0.007179449737767557	0.002281604789544774
135-139	0.0	0.0	0.0	0.09424548850679615	0.008335462831136908	0.002281604789544774
140-144	0.0	0.0	0.0	0.10394991421165992	0.010252010854354518	0.002281604789544774
145-149	0.0	0.0	0.0	0.11465824602392338	0.013050779396196107	0.002281604789544774
150-154	0.0	0.0	0.0	0.12615753416322906	0.015484491171710532	0.002281604789544774
155-159	0.0	0.0	0.0	0.13829567164360723	0.018283259713552123	0.002433711775514426
160-164	0.0	0.0	0.0	0.15061633750714903	0.02080823568064834	0.002433711775514426
165-169	0.0	9.126419158179097E-5	0.0	0.15968191387094027	0.023181104661774903	0.002433711775514426
170-174	0.0	1.5210698596965162E-4	0.0	0.169842660533713	0.02637535136713759	0.002433711775514426
175-179	0.0	1.5210698596965162E-4	0.0	0.18036846396281286	0.02935664829214276	0.002433711775514426
180-184	0.0	1.5210698596965162E-4	0.0	0.19387556431691794	0.03273342338066902	0.002433711775514426
185-189	0.0	1.5210698596965162E-4	0.0	0.20631791576923547	0.03574514170286813	0.002433711775514426
190-194	0.0	1.5210698596965162E-4	0.0	0.21441000742282093	0.03866559583348544	0.002433711775514426
195-199	0.0	1.5210698596965162E-4	0.0	0.2246011754827876	0.04237700629114494	0.002433711775514426
200-204	0.0	1.5210698596965162E-4	0.0	0.23473150074836635	0.04657515910390732	0.002433711775514426
205-209	0.0	1.5210698596965162E-4	0.0	0.2454094111634359	0.05062120493070006	0.002433711775514426
210-214	0.0	1.5210698596965162E-4	0.0	0.25849061195682593	0.053389552075347714	0.002433711775514426
215-219	0.0	1.5210698596965162E-4	0.0	0.27099380620353136	0.056918434149843634	0.002433711775514426
220-224	0.0	1.5210698596965162E-4	0.0	0.28246267294564303	0.06230302145316931	0.002524975967096217
225-229	0.0	1.5210698596965162E-4	0.0	0.295574295136227	0.06756592316771924	0.0025858187614840773
230-234	0.0	1.5210698596965162E-4	0.0	0.30965940203701675	0.07188576156925736	0.0025858187614840773
235-239	0.0	1.5210698596965162E-4	0.0	0.32398788011535795	0.07577970041008045	0.0025858187614840773
240	0.0	1.5210698596965162E-4	0.0	0.3259652709329634	0.07742245585855267	0.0025858187614840773
>>END_MODULE
