##FastQC	0.12.1
>>Basic Statistics	pass
#Measure	Value
Filename	ERR13347006_2.gz
File type	Conventional base calls
Encoding	Sanger / Illumina 1.9
Total Sequences	789931
Total Bases	140.5 Mbp
Sequences flagged as poor quality	0
Sequence length	35-251
%GC	33
>>END_MODULE
>>Per base sequence quality	pass
#Base	Mean	Median	Lower Quartile	Upper Quartile	10th Percentile	90th Percentile
1	33.00782853185911	34.0	34.0	34.0	32.0	34.0
2	33.06899463370851	34.0	34.0	34.0	33.0	34.0
3	33.14517723699918	34.0	34.0	34.0	33.0	34.0
4	33.14166680380945	34.0	34.0	34.0	34.0	34.0
5	33.19800716771465	34.0	34.0	34.0	34.0	34.0
6	36.827029196220934	38.0	38.0	38.0	35.0	38.0
7	36.846028323992854	38.0	38.0	38.0	36.0	38.0
8	36.629699302850504	38.0	38.0	38.0	34.0	38.0
9	36.779351614254914	38.0	38.0	38.0	35.0	38.0
10-14	36.55211277947061	38.0	37.4	38.0	34.4	38.0
15-19	36.51694236585221	38.0	37.2	38.0	34.0	38.0
20-24	36.7222881492181	38.0	38.0	38.0	35.2	38.0
25-29	36.657110557757576	38.0	37.8	38.0	34.6	38.0
30-34	36.59250086399952	38.0	37.2	38.0	34.2	38.0
35-39	36.51935696185019	38.0	37.0	38.0	34.0	38.0
40-44	36.4629943646245	38.0	37.0	38.0	34.0	38.0
45-49	36.662650830650065	38.0	37.6	38.0	34.4	38.0
50-54	36.70942859003783	38.0	38.0	38.0	34.6	38.0
55-59	36.56265412981615	38.0	37.2	38.0	34.0	38.0
60-64	36.55914301125894	38.0	37.0	38.0	34.0	38.0
65-69	36.45192377375552	38.0	37.0	38.0	34.0	38.0
70-74	36.402872200207796	38.0	37.0	38.0	34.0	38.0
75-79	36.34293705072234	38.0	37.0	38.0	33.8	38.0
80-84	36.17788779838438	38.0	37.0	38.0	33.2	38.0
85-89	36.26165774254015	38.0	37.0	38.0	33.4	38.0
90-94	36.236181508245224	38.0	37.0	38.0	33.2	38.0
95-99	36.212201168421174	38.0	37.0	38.0	33.2	38.0
100-104	36.083643068525085	38.0	37.0	38.0	32.4	38.0
105-109	35.82859333514257	38.0	37.0	38.0	31.4	38.0
110-114	35.7122198219531	38.0	36.8	38.0	30.6	38.0
115-119	35.70801456330579	38.0	37.0	38.0	31.0	38.0
120-124	35.74955286416109	38.0	37.0	38.0	31.2	38.0
125-129	35.75402927427545	38.0	37.0	38.0	31.0	38.0
130-134	35.59482799243322	38.0	37.0	38.0	30.4	38.0
135-139	35.51689265499457	38.0	36.6	38.0	29.6	38.0
140-144	35.49862989948246	38.0	36.4	38.0	29.6	38.0
145-149	35.297358719089075	38.0	36.0	38.0	28.2	38.0
150-154	35.04092984442292	38.0	36.0	38.0	27.2	38.0
155-159	34.925879291912985	38.0	35.6	38.0	26.4	38.0
160-164	34.69481281885619	37.8	35.2	38.0	26.0	38.0
165-169	34.701354191409486	37.8	35.0	38.0	26.4	38.0
170-174	34.32070490890295	37.6	34.8	38.0	24.4	38.0
175-179	34.35329464456079	37.8	34.6	38.0	23.8	38.0
180-184	34.62720211530958	38.0	35.0	38.0	24.6	38.0
185-189	34.24622038428527	37.8	35.0	38.0	23.4	38.0
190-194	33.77853715395908	37.0	34.2	38.0	22.6	38.0
195-199	33.22357206178913	37.0	32.6	38.0	21.8	38.0
200-204	33.08246531239491	37.0	32.4	37.8	21.4	38.0
205-209	33.41270509003675	37.0	34.0	37.8	22.0	38.0
210-214	32.97763501898296	37.0	32.6	37.2	21.0	37.8
215-219	32.55896772121293	37.0	31.6	37.0	20.0	37.6
220-224	32.24862097763334	37.0	30.4	37.0	19.8	37.6
225-229	31.597234109753135	36.0	29.2	37.0	18.2	37.4
230-234	30.87294502268668	35.4	27.6	37.0	15.8	37.2
235-239	30.480024114899614	34.6	26.6	37.0	15.4	37.0
240-244	29.796085593344674	34.0	25.0	37.0	13.4	37.0
245-249	29.296974251445725	33.8	24.0	36.8	12.6	37.0
250-251	25.5572930872086	28.0	17.0	34.0	10.5	36.5
>>END_MODULE
>>Per sequence quality scores	pass
#Quality	Count
2	822.0
3	0.0
4	0.0
5	0.0
6	0.0
7	0.0
8	0.0
9	0.0
10	0.0
11	0.0
12	8.0
13	61.0
14	204.0
15	289.0
16	457.0
17	497.0
18	703.0
19	988.0
20	1370.0
21	1919.0
22	2445.0
23	3020.0
24	3803.0
25	4802.0
26	5899.0
27	7442.0
28	9297.0
29	11518.0
30	14614.0
31	18504.0
32	23570.0
33	30830.0
34	41216.0
35	62714.0
36	118400.0
37	424539.0
>>END_MODULE
>>Per base sequence content	fail
#Base	G	A	T	C
1	33.07147681752458	29.4418134883774	16.683626723304386	20.803082970793643
2	11.342412771873086	23.425534368509293	47.35543505396593	17.87661780565169
3	13.423747543115084	32.775826913645645	36.43679136849282	17.363634174746455
4	9.277045376494248	21.709548364040963	49.627491259128966	19.38591500033582
5	8.710203533352173	40.8629226127189	41.5046590521715	8.922214801757425
6	19.147164713620047	48.710254223434276	22.667717641035647	9.474863421910028
7	18.050611512478	37.481513960682236	31.006869773377314	13.461004753462449
8	17.799568880851695	42.61781325520302	25.53183400518813	14.050783858757153
9	20.248660197767354	20.477399193267342	29.92552359686685	29.348417012098455
10-14	18.48327670828745	28.608189743115336	34.836758926840275	18.071774621756944
15-19	16.608909542281232	34.56561767765923	32.30395293932777	16.521519840731763
20-24	16.630934382955967	33.03525875386037	33.757921909394014	16.575884953789654
25-29	16.84509997985069	33.09793704038352	33.272386957948775	16.78457602181701
30-34	16.826319304430694	33.08047430709826	33.31266022818141	16.780546160289646
35-39	16.797127741902745	33.04576075510955	33.31938647349124	16.837725029496468
40-44	16.828824989569075	32.94090449960991	33.32995193745063	16.900318573370384
45-49	16.900995771591607	33.02306206493471	33.21842247939308	16.8575196840806
50-54	16.81013625694905	32.950348969616535	33.244423328676966	16.995091444757453
55-59	16.846999929199413	32.875498207079225	33.225180229144016	17.052321634577343
60-64	16.918824326951878	32.99570132060896	33.129470127331295	16.95600422510786
65-69	16.775062965269193	32.91560064950152	33.258938943936016	17.050397441293267
70-74	16.84490203304713	32.85976837601117	33.257394126633265	17.037935464308436
75-79	16.96088761944935	32.94571647264025	33.080162981649714	17.013232926260695
80-84	16.830998231240414	32.838023460968856	33.27465139497354	17.056326912817198
85-89	16.903130716080437	32.86356734651136	33.160655745088356	17.07264619231984
90-94	16.944934235403004	32.941628074709364	33.08963643134323	17.023801258544406
95-99	16.801706094079975	33.003245631398876	33.14175011097928	17.05329816354187
100-104	16.860274340077268	32.79338747961131	33.1935865162834	17.152751664028013
105-109	16.919863384500246	32.80771843833822	33.18011376445635	17.092304412705182
110-114	16.8669944290053	32.85883005649668	33.176197065244175	17.09797844925385
115-119	16.877379887962633	32.743731107730554	33.20612552055372	17.17276348375309
120-124	16.91887275491153	32.82609992299365	33.15901662450921	17.096010697585612
125-129	16.8617520339071	32.89193916263596	33.0973138787341	17.14899492472285
130-134	16.899313509255894	32.65453485874229	33.20543605951619	17.240715572485637
135-139	16.95857477865553	32.81532725496223	33.050602494386474	17.17549547199576
140-144	16.863156251468272	32.83004111920629	33.129114004628754	17.177688624696682
145-149	16.89875195791311	32.68306291375138	33.11560868732716	17.302576441008352
150-154	17.012325992976905	32.7274080043129	33.10466462215995	17.155601380550245
155-159	16.86565376918789	32.701361651961186	33.186503395486234	17.24648118336469
160-164	16.836710588482333	32.60140514812676	33.18446287644146	17.377421386949447
165-169	16.974530913900352	32.70744615138655	33.03051058078019	17.28751235393291
170-174	16.813398121397498	32.73679299082379	33.1776471752624	17.27216171251632
175-179	16.870101151104066	32.5850846906781	33.08951867815389	17.455295480063942
180-184	16.95376011480009	32.725195253207524	32.964446855888156	17.35659777610423
185-189	16.835528029190062	32.62196555365555	33.151555780246206	17.390950636908187
190-194	16.968003494438967	32.51886053193614	33.005601638347514	17.507534335277374
195-199	16.972289128478817	32.5986086157784	32.99759593331522	17.431506322427566
200-204	16.87302662922379	32.554766125046974	33.08030786803457	17.491899377694658
205-209	16.935537915672448	32.58198170171246	32.91343142999254	17.56904895262255
210-214	16.92126136608187	32.594337122506225	32.95814114472146	17.526260366690444
215-219	16.761273251744544	32.621707107557214	33.11716546121705	17.499854179481197
220-224	16.89258124634951	32.58783700577818	32.95768427179096	17.561897476081352
225-229	16.865367611031832	32.53960091251016	32.99107059954546	17.60396087691255
230-234	16.708251602323028	32.58897904104422	33.02071144698532	17.682057909647433
235-239	16.783914345920874	32.57208157794832	32.909146241183365	17.734857834947444
240-244	16.677308653489735	32.438210711339096	33.10789858624992	17.776582048921252
245-249	16.67756000297843	32.578742274694086	33.023355864613755	17.720341857713723
250-251	17.86064720749294	37.20600624411517	37.7156945339214	7.21765201447049
>>END_MODULE
>>Per sequence GC content	pass
#GC Content	Count
0	822.0
1	411.0
2	0.0
3	0.0
4	0.0
5	0.0
6	0.8333333333333333
7	1.0
8	1.5
9	2.5
10	5.0
11	17.0
12	34.0
13	51.0
14	90.83333333333333
15	170.66666666666666
16	293.83333333333337
17	464.99999999999966
18	760.333333333334
19	1251.1666666666677
20	2005.3333333333221
21	3097.8333333333603
22	4543.500000000044
23	6502.666666666466
24	9174.666666666471
25	12609.166666667517
26	16670.000000001965
27	21296.66666666538
28	26696.666666661124
29	32406.166666655216
30	37659.99999999666
31	42236.00000000609
32	45870.33333334755
33	48577.00000002112
34	49400.33333335601
35	48457.83333335437
36	45617.00000001462
37	41378.000000004664
38	35969.66666665931
39	30367.49999998969
40	24774.833333329003
41	19537.166666666806
42	14901.500000001754
43	11014.00000000031
44	8081.499999999629
45	5825.833333333252
46	4129.1666666667525
47	3061.8333333333726
48	2452.500000000001
49	1919.9999999999716
50	1558.1666666666508
51	1348.666666666662
52	1030.3333333333467
53	763.166666666672
54	622.1666666666667
55	479.33333333333127
56	351.666666666666
57	286.50000000000017
58	227.33333333333368
59	153.3333333333333
60	106.66666666666663
61	68.00000000000001
62	33.49999999999999
63	16.66666666666667
64	12.000000000000002
65	10.666666666666668
66	9.833333333333334
67	6.999999999999998
68	5.166666666666666
69	2.6666666666666665
70	3.5000000000000004
71	4.5
72	3.3333333333333335
73	0.8333333333333333
74	1.3333333333333333
75	1.6666666666666665
76	1.9999999999999998
77	1.0
78	0.3333333333333333
79	1.6666666666666665
80	1.3333333333333333
81	1.0
82	0.6666666666666666
83	1.3333333333333333
84	0.6666666666666666
85	1.9999999999999998
86	1.6666666666666665
87	1.0
88	0.6666666666666666
89	0.3333333333333333
90	0.6666666666666666
91	0.0
92	0.6666666666666666
93	0.6666666666666666
94	0.6666666666666666
95	1.0
96	0.3333333333333333
97	0.0
98	0.3333333333333333
99	1.0
100	3.5
>>END_MODULE
>>Per base N content	pass
#Base	N-Count
1	0.10405972167189287
2	0.10405972167189287
3	0.10405972167189287
4	0.10405972167189287
5	0.10405972167189287
6	0.10405972167189287
7	0.10405972167189287
8	0.10405972167189287
9	0.10405972167189287
10-14	0.10405972167189287
15-19	0.10405972167189287
20-24	0.10405972167189287
25-29	0.10405972167189287
30-34	0.10405972167189287
35-39	0.020852507323745578
40-44	0.0
45-49	0.0
50-54	0.0
55-59	0.0
60-64	0.0
65-69	0.0
70-74	0.0
75-79	0.0
80-84	0.0
85-89	0.0
90-94	0.0
95-99	0.0
100-104	0.0
105-109	0.0
110-114	0.0
115-119	0.0
120-124	0.0
125-129	0.0
130-134	0.0
135-139	0.0
140-144	0.0
145-149	0.0
150-154	0.0
155-159	0.0
160-164	0.0
165-169	0.0
170-174	0.0
175-179	0.0
180-184	0.0
185-189	0.0
190-194	0.0
195-199	0.0
200-204	0.0
205-209	0.0
210-214	0.0
215-219	0.0
220-224	0.0
225-229	0.0
230-234	0.0
235-239	0.0
240-244	0.0
245-249	0.0
250-251	0.0
>>END_MODULE
>>Sequence Length Distribution	warn
#Length	Count
35-39	3646.0
40-44	4077.0
45-49	5261.0
50-54	5919.0
55-59	6871.0
60-64	7587.0
65-69	8692.0
70-74	9802.0
75-79	10572.0
80-84	11922.0
85-89	12979.0
90-94	13978.0
95-99	14292.0
100-104	15911.0
105-109	16107.0
110-114	17258.0
115-119	17552.0
120-124	18317.0
125-129	17788.0
130-134	18151.0
135-139	18100.0
140-144	18232.0
145-149	17909.0
150-154	17714.0
155-159	17273.0
160-164	17005.0
165-169	16377.0
170-174	15742.0
175-179	15619.0
180-184	14899.0
185-189	14281.0
190-194	13863.0
195-199	13079.0
200-204	12837.0
205-209	12432.0
210-214	11628.0
215-219	11177.0
220-224	10909.0
225-229	10271.0
230-234	9868.0
235-239	9469.0
240-244	8795.0
245-249	24245.0
250-252	221525.0
>>END_MODULE
>>Sequence Duplication Levels	pass
#Total Deduplicated Percentage	76.77665374053863
#Duplication Level	Percentage of total
1	61.612330632430144
2	20.897254248495322
3	8.878454117039553
4	4.10964054651939
5	1.9818895890457748
6	0.9916004993736146
7	0.5252841050716681
8	0.30387821375910706
9	0.1750849914821276
>10	0.4204423238228376
>50	0.0
>100	0.0
>500	0.10414073296044885
>1k	0.0
>5k	0.0
>10k+	0.0
>>END_MODULE
>>Overrepresented sequences	warn
#Sequence	Count	Percentage	Possible Source
NNNNNNNNNNNNNNNNNNNNNNNNNNNNNNNNNNN	822	0.10405972167189287	No Hit
>>END_MODULE
>>Adapter Content	pass
#Position	Illumina Universal Adapter	Illumina Small RNA 3' Adapter	Illumina Small RNA 5' Adapter	Nextera Transposase Sequence	PolyA	PolyG
1	0.0	0.0	0.0	0.0	0.0	0.0
2	0.0	0.0	0.0	0.0	0.0	0.0
3	0.0	0.0	0.0	0.0	0.0	0.0
4	0.0	0.0	0.0	0.0	0.0	0.0
5	0.0	0.0	0.0	0.0	0.0	0.0
6	0.0	0.0	0.0	0.0	0.0	0.0
7	0.0	0.0	0.0	0.0	0.0	0.0
8	0.0	0.0	0.0	0.0	0.0	0.0
9	0.0	0.0	0.0	0.0	0.0	0.0
10-14	0.0	0.0	0.0	0.0	2.02549336587626E-4	0.0
15-19	0.0	0.0	0.0	0.0	2.531866707345325E-4	5.823293426894247E-4
20-24	0.0	0.0	0.0	0.0	3.797800061017988E-4	0.0010380653500115832
25-29	0.0	0.0	0.0	0.0	3.797800061017988E-4	0.0011393400183053962
30-34	0.0	0.0	0.0	5.06373341469065E-5	5.316920085425183E-4	0.0011393400183053962
35-39	0.0	0.0	0.0	4.050986731752521E-4	6.329666768363312E-4	0.0011393400183053962
40-44	0.0	0.0	0.0	0.0014431640231868355	7.342413451301444E-4	0.0011393400183053962
45-49	0.0	0.0	0.0	0.002430592039051512	7.595600122035976E-4	0.0011393400183053962
50-54	0.0	0.0	0.0	0.004202898734193239	7.595600122035976E-4	0.0011899773524523029
55-59	0.0	0.0	0.0	0.0063296667683633125	7.595600122035976E-4	0.001316570687819569
60-64	0.0	0.0	0.0	0.008532390803753747	8.861533475708637E-4	0.001392526689039929
65-69	0.0	0.0	0.0	0.010532565502556551	8.861533475708637E-4	0.001392526689039929
70-74	0.0	0.0	0.0	0.013520168217224038	8.861533475708637E-4	0.0014684826902602885
75-79	0.0	0.0	0.0	0.016735638935552598	8.861533475708637E-4	0.0016457133597744613
80-84	0.0	0.0	0.0	0.019647285648999722	8.861533475708637E-4	0.0016457133597744613
85-89	0.0	0.0	0.0	0.02374890971489915	0.00101274668293813	0.0016457133597744613
90-94	0.0	0.0	0.0	0.028508819124708363	0.00101274668293813	0.0017469880280682742
95-99	0.0	0.0	0.0	0.03357255253939902	0.00101274668293813	0.0017723066951417274
100-104	0.0	0.0	0.0	0.03949712063458707	0.00101274668293813	0.0018735813634355406
105-109	5.06373341469065E-5	0.0	0.0	0.044434260713910455	0.001215296019525756	0.00202549336587626
110-114	1.2659333536726625E-4	0.0	0.0	0.05013096080543743	0.001797625362215181	0.00202549336587626
115-119	1.2659333536726625E-4	0.0	0.0	0.056536583575021115	0.002810372045153311	0.0020761307000231664
120-124	1.2659333536726625E-4	0.0	0.0	0.06246115167020917	0.0036965253927241743	0.002202724035390433
125-129	1.2659333536726625E-4	0.0	0.0	0.06820848909588306	0.0045826787402950386	0.0022786800366107925
130-134	1.2659333536726625E-4	0.0	0.0	0.07461411186546674	0.005696700091526982	0.0023546360378311525
135-139	1.2659333536726625E-4	0.0	0.0	0.08155142664359291	0.007139864114713816	0.002481229373198419
140-144	1.2659333536726625E-4	0.0	0.0	0.09015977344856703	0.00941854415132461	0.002531866707345325
145-149	1.2659333536726625E-4	0.0	0.0	0.09998341627306688	0.011595949519641588	0.002607822708565685
150-154	1.2659333536726625E-4	0.0	0.0	0.108591763078041	0.013748036220885116	0.0026837787097860446
155-159	1.2659333536726625E-4	0.0	0.0	0.11788371389399832	0.017495198947756196	0.002785053378079858
160-164	1.2659333536726625E-4	0.0	0.0	0.12677056603678044	0.02033088965998296	0.002785053378079858
165-169	1.2659333536726625E-4	0.0	0.0	0.133505331478319	0.02329317370757699	0.002785053378079858
170-174	1.2659333536726625E-4	0.0	0.0	0.14155666760767713	0.026432688424685193	0.0028610093793002174
175-179	1.2659333536726625E-4	0.0	0.0	0.14965864107118215	0.029496247140573036	0.002911646713447124
180-184	1.2659333536726625E-4	0.0	0.0	0.15872272388347844	0.032585124523534334	0.002911646713447124
185-189	1.2659333536726625E-4	0.0	0.0	0.1691540147177412	0.03542081523576109	0.002987602714667484
190-194	1.2659333536726625E-4	0.0	0.0	0.17740790018368693	0.03731971526627009	0.0030382400488143902
195-199	1.2659333536726625E-4	0.0	0.0	0.1845730829654742	0.03972498863824815	0.0030382400488143902
200-204	1.2659333536726625E-4	0.0	0.0	0.19340929777410937	0.04230749267974038	0.0030382400488143902
205-209	1.2659333536726625E-4	0.0	0.0	0.2004478872205294	0.04509254605782024	0.0030382400488143902
210-214	1.2659333536726625E-4	0.0	0.0	0.20872709135354856	0.0483080167761488	0.0030382400488143902
215-219	1.2659333536726625E-4	0.0	0.0	0.21779117416584487	0.05099179548593484	0.0030382400488143902
220-224	1.2659333536726625E-4	0.0	0.0	0.2287794756757236	0.054916188882320104	0.003139514717108203
225-229	1.2659333536726625E-4	0.0	0.0	0.2385018438319296	0.05846080227260355	0.0031648333841816562
230-234	1.2659333536726625E-4	0.0	0.0	0.24971801334546942	0.0607141636421409	0.0031648333841816562
235-239	1.2659333536726625E-4	0.0	0.0	0.2608582268577888	0.06311943701411896	0.0031648333841816562
240	1.2659333536726625E-4	0.0	0.0	0.26192161087487387	0.06418282103120398	0.0031648333841816562
>>END_MODULE
