##FastQC	0.12.1
>>Basic Statistics	pass
#Measure	Value
Filename	ERR13347000_2.gz
File type	Conventional base calls
Encoding	Sanger / Illumina 1.9
Total Sequences	470753
Total Bases	95 Mbp
Sequences flagged as poor quality	0
Sequence length	35-251
%GC	34
>>END_MODULE
>>Per base sequence quality	pass
#Base	Mean	Median	Lower Quartile	Upper Quartile	10th Percentile	90th Percentile
1	32.90686623346001	34.0	34.0	34.0	32.0	34.0
2	32.98105800706528	34.0	34.0	34.0	32.0	34.0
3	33.073223112757645	34.0	34.0	34.0	33.0	34.0
4	33.117144234874765	34.0	34.0	34.0	33.0	34.0
5	33.081405747812546	34.0	34.0	34.0	33.0	34.0
6	36.73451045452711	38.0	37.0	38.0	35.0	38.0
7	36.74289701818151	38.0	37.0	38.0	35.0	38.0
8	36.568457343872474	38.0	37.0	38.0	34.0	38.0
9	36.66496230507293	38.0	37.0	38.0	34.0	38.0
10-14	36.403100564414885	38.0	37.0	38.0	34.2	38.0
15-19	36.35487654884834	38.0	37.0	38.0	34.0	38.0
20-24	36.576021395508896	38.0	37.0	38.0	34.0	38.0
25-29	36.49808243388783	38.0	37.0	38.0	34.0	38.0
30-34	36.41265164534268	38.0	37.0	38.0	34.0	38.0
35-39	36.31460452026134	38.0	37.0	38.0	34.0	38.0
40-44	36.25482244379988	38.0	37.0	38.0	34.0	38.0
45-49	36.47500660153819	38.0	37.0	38.0	34.0	38.0
50-54	36.5332048645819	38.0	37.0	38.0	34.0	38.0
55-59	36.38087295058143	38.0	37.0	38.0	34.0	38.0
60-64	36.34364868677342	38.0	37.0	38.0	34.0	38.0
65-69	36.234616274071506	38.0	37.0	38.0	33.8	38.0
70-74	36.18236017386511	38.0	37.0	38.0	33.6	38.0
75-79	36.0929857392877	38.0	37.0	38.0	33.2	38.0
80-84	35.91248658270322	38.0	37.0	38.0	32.0	38.0
85-89	36.00132625615226	38.0	37.0	38.0	32.0	38.0
90-94	35.95975673963688	38.0	37.0	38.0	31.8	38.0
95-99	35.94274416622584	38.0	37.0	38.0	31.8	38.0
100-104	35.807761127965065	38.0	37.0	38.0	31.4	38.0
105-109	35.52909606013422	38.0	36.8	38.0	30.0	38.0
110-114	35.389066272247916	38.0	36.6	38.0	29.2	38.0
115-119	35.41190538162178	38.0	36.2	38.0	29.2	38.0
120-124	35.46105269140379	38.0	36.4	38.0	30.0	38.0
125-129	35.45293317776283	38.0	36.8	38.0	29.8	38.0
130-134	35.31395657191757	38.0	36.0	38.0	28.4	38.0
135-139	35.22121747373783	38.0	36.0	38.0	28.0	38.0
140-144	35.199788779630865	38.0	36.0	38.0	28.0	38.0
145-149	35.00838077278786	38.0	35.8	38.0	27.0	38.0
150-154	34.72096656207726	38.0	35.4	38.0	26.0	38.0
155-159	34.59393954756377	37.8	34.6	38.0	26.0	38.0
160-164	34.379704967000556	37.4	34.6	38.0	25.0	38.0
165-169	34.37327072665424	37.4	34.6	38.0	25.2	38.0
170-174	33.984282252642984	37.0	34.2	38.0	23.8	38.0
175-179	34.0587029576619	37.4	34.4	38.0	23.2	38.0
180-184	34.37996616427983	38.0	35.0	38.0	23.6	38.0
185-189	33.986144452941275	37.2	34.0	38.0	23.0	38.0
190-194	33.48500088089332	37.0	33.0	38.0	22.4	38.0
195-199	32.88315273398175	36.8	31.4	38.0	21.4	38.0
200-204	32.77926916413214	37.0	31.0	37.6	21.0	38.0
205-209	33.17545838300424	37.0	32.8	37.8	21.4	38.0
210-214	32.724046777392495	37.0	31.2	37.2	20.4	37.8
215-219	32.32293723736018	36.8	30.4	37.0	20.0	37.4
220-224	31.96574517792874	36.2	29.8	37.0	19.8	37.6
225-229	31.272073359191012	35.6	28.2	37.0	18.0	37.2
230-234	30.515828743034472	34.6	26.0	37.0	15.8	37.0
235-239	30.05555915097018	34.0	25.6	37.0	15.0	37.0
240-244	29.3193504547613	33.2	24.0	37.0	12.8	37.0
245-249	28.802981753189904	32.4	23.0	36.8	12.4	37.0
250-251	25.05795479095179	27.0	16.5	34.0	9.5	36.5
>>END_MODULE
>>Per sequence quality scores	pass
#Quality	Count
2	318.0
3	0.0
4	0.0
5	0.0
6	0.0
7	0.0
8	0.0
9	0.0
10	0.0
11	0.0
12	4.0
13	24.0
14	26.0
15	53.0
16	87.0
17	147.0
18	283.0
19	491.0
20	809.0
21	1224.0
22	1723.0
23	2404.0
24	3078.0
25	3925.0
26	5007.0
27	6156.0
28	7540.0
29	9369.0
30	11684.0
31	14335.0
32	17942.0
33	22855.0
34	30942.0
35	45852.0
36	84401.0
37	200074.0
>>END_MODULE
>>Per base sequence content	fail
#Base	G	A	T	C
1	33.40759084676948	28.986576253892675	16.448818646571787	21.157014252766057
2	11.304431005346116	22.877124363620904	48.188591410077905	17.629853220955074
3	13.567017760158151	32.275872330927754	36.580611561639756	17.57649834727433
4	9.311382018769862	21.25139498549215	49.14536545962779	20.291857536110196
5	8.8473434161999	40.48168184765164	41.325794211740195	9.34518052440826
6	19.877134992081796	48.49766705283408	22.206681050517073	9.41851690456705
7	18.559205841402107	37.49444662918363	30.353821463113928	13.592526066300339
8	17.983355830242225	42.96342746606864	25.010256464761337	14.042960238927801
9	20.584140210656095	20.282079352089024	29.35750953904365	29.776270898211234
10-14	18.91598201664417	28.083454674928525	34.62650525577391	18.374058052653393
15-19	17.15446342215184	34.08096761507966	31.83968029589635	16.92488866687215
20-24	17.107528138850213	32.621935017590104	33.2690807444174	17.001456099142285
25-29	17.25109738858716	32.6596022829934	32.87565763601773	17.213642692401713
30-34	17.254881120664916	32.74275936101693	32.851892397461924	17.150467120856227
35-39	17.2228485851525	32.790425581702074	32.809485923852236	17.177239909293192
40-44	17.213330909593658	32.6554969818467	32.87290813770596	17.258263970853676
45-49	17.326476145448442	32.66590095020788	32.7734352918202	17.23418761252349
50-54	17.244656971345425	32.66125858533986	32.82267523254448	17.271409210770226
55-59	17.252196113544514	32.496430559252715	32.8441269303501	17.407246396852667
60-64	17.3416760285226	32.54237597387195	32.815021021819426	17.300926975786027
65-69	17.206794741139095	32.548036663680236	32.87006479440129	17.375103800779385
70-74	17.23720593379588	32.53822882626648	32.90122469356293	17.3233405463747
75-79	17.308097233330265	32.59816758558699	32.760821790797586	17.33291339028516
80-84	17.202230282554133	32.53961041333109	32.90994316485933	17.34821613925545
85-89	17.21472415771343	32.561545927029215	32.79187461787703	17.43185529738033
90-94	17.300462852300136	32.59577565788044	32.766810085689244	17.336951404130176
95-99	17.197605829681407	32.62219197665204	32.82301545797299	17.357186735693553
100-104	17.24437577113338	32.445279798899946	32.78977895137392	17.52056547859276
105-109	17.253215124306333	32.49014808280783	32.88473734511509	17.371899447770744
110-114	17.2015536820323	32.543127209129864	32.828835840979394	17.42648326785844
115-119	17.188969498341287	32.438797331557936	32.94833470367283	17.423898466427953
120-124	17.257520881606066	32.49731202930311	32.84253203215417	17.402635056936656
125-129	17.210763329343397	32.57475500583792	32.75927538269849	17.45520628212019
130-134	17.16854254528523	32.43887103048465	32.938209921313586	17.454376502916542
135-139	17.356551844777606	32.46781282956902	32.76321789801827	17.41241742763511
140-144	17.11768945194649	32.52410378865312	32.90378700702525	17.45441975237514
145-149	17.166311649321134	32.40462752530547	32.843437350620164	17.585623474753234
150-154	17.22188648165876	32.46000973350519	32.81710101987881	17.501002764957242
155-159	17.151395380357556	32.36498716765988	32.93621212054967	17.547405331432895
160-164	17.101233896970804	32.43601979468411	32.850207513190774	17.612538795154318
165-169	17.251229590629265	32.39030813830552	32.848679124837474	17.509783146227736
170-174	17.116859656921893	32.42218647021882	32.91030716145558	17.550646711403715
175-179	17.1124261356186	32.372887398626254	32.81001588624266	17.704670579512488
180-184	17.231042867715193	32.404895613724136	32.774056729914115	17.590004788646553
185-189	17.116587353142798	32.33362596293629	32.90229783708462	17.6474888468363
190-194	17.12154897741715	32.30270386257567	32.84715861640543	17.728588543601745
195-199	17.163096285593966	32.340154547228664	32.82173658496503	17.675012582212347
200-204	17.061001742987983	32.41390362652121	32.774059687056365	17.751034943434437
205-209	17.188368189073962	32.1812552482317	32.73851534194737	17.891861220746975
210-214	17.221965110097113	32.28903312666618	32.72246042279433	17.766541340442377
215-219	16.962207254850934	32.41483759394068	32.79159513923873	17.83136001196965
220-224	17.0829503943304	32.257371506683874	32.817098378550554	17.84257972043517
225-229	17.085155720514113	32.25757309528982	32.71788364478013	17.93938753941593
230-234	16.943321081753098	32.181359527862405	32.81209906794025	18.063220322444245
235-239	17.016429258639263	32.18325690390474	32.80526687985709	17.9950469575989
240-244	17.01313407587172	32.21307004576966	32.69299937550888	18.080796502849736
245-249	17.012576046443545	32.28020883871482	32.63037678484792	18.076838329993723
250-251	18.058367889836475	37.25717862452077	37.2152413739144	7.469212111728346
>>END_MODULE
>>Per sequence GC content	pass
#GC Content	Count
0	318.0
1	159.0
2	0.0
3	0.0
4	0.0
5	0.0
6	0.5
7	1.0
8	0.5
9	2.0
10	4.0
11	5.833333333333333
12	10.5
13	16.5
14	27.5
15	55.83333333333334
16	93.66666666666666
17	150.5
18	244.16666666666677
19	420.3333333333329
20	659.6666666666669
21	999.166666666672
22	1484.9999999999893
23	2135.499999999969
24	3068.333333333394
25	4282.000000000153
26	5817.66666666641
27	7909.833333332418
28	10492.333333333792
29	13456.166666669384
30	16924.16666667106
31	20578.16666666502
32	23680.666666659516
33	26258.666666654794
34	27578.166666652156
35	27672.999999985335
36	26829.333333320552
37	24575.666666658242
38	21444.666666663725
39	18029.16666666913
40	14404.500000003125
41	11246.166666667583
42	8496.499999999276
43	6082.999999999736
44	4420.66666666677
45	3213.6666666667334
46	2261.1666666666465
47	1728.4999999999725
48	1433.8333333333208
49	1173.16666666667
50	979.5000000000136
51	854.6666666666767
52	692.3333333333367
53	533.4999999999958
54	386.4999999999982
55	292.5000000000004
56	228.50000000000043
57	180.50000000000014
58	143.66666666666654
59	100.83333333333321
60	66.16666666666667
61	41.83333333333333
62	22.0
63	13.833333333333336
64	6.166666666666666
65	2.6666666666666665
66	1.9999999999999998
67	1.1666666666666665
68	1.9999999999999998
69	1.9999999999999998
70	1.0
71	1.6666666666666665
72	1.3333333333333333
73	1.0
74	1.0
75	0.8333333333333333
76	0.5
77	0.3333333333333333
78	0.6666666666666666
79	0.0
80	1.0
81	1.0
82	0.6666666666666666
83	0.6666666666666666
84	0.3333333333333333
85	0.6666666666666666
86	0.6666666666666666
87	0.6666666666666666
88	0.6666666666666666
89	0.0
90	0.0
91	0.3333333333333333
92	0.6666666666666666
93	0.3333333333333333
94	0.3333333333333333
95	0.0
96	0.0
97	0.3333333333333333
98	0.6666666666666666
99	0.3333333333333333
100	0.5
>>END_MODULE
>>Per base N content	pass
#Base	N-Count
1	0.067551348584077
2	0.067551348584077
3	0.067551348584077
4	0.067551348584077
5	0.067551348584077
6	0.067551348584077
7	0.067551348584077
8	0.067551348584077
9	0.067551348584077
10-14	0.067551348584077
15-19	0.067551348584077
20-24	0.067551348584077
25-29	0.067551348584077
30-34	0.067551348584077
35-39	0.013527609084427596
40-44	0.0
45-49	0.0
50-54	0.0
55-59	0.0
60-64	0.0
65-69	0.0
70-74	0.0
75-79	0.0
80-84	0.0
85-89	0.0
90-94	0.0
95-99	0.0
100-104	0.0
105-109	0.0
110-114	0.0
115-119	0.0
120-124	0.0
125-129	0.0
130-134	0.0
135-139	0.0
140-144	0.0
145-149	0.0
150-154	0.0
155-159	0.0
160-164	0.0
165-169	0.0
170-174	0.0
175-179	0.0
180-184	0.0
185-189	0.0
190-194	0.0
195-199	0.0
200-204	7.091077084971667E-5
205-209	0.0
210-214	0.0
215-219	0.0
220-224	0.0
225-229	0.0
230-234	0.0
235-239	0.0
240-244	0.0
245-249	0.0
250-251	0.0
>>END_MODULE
>>Sequence Length Distribution	warn
#Length	Count
35-39	1416.0
40-44	1594.0
45-49	1889.0
50-54	2105.0
55-59	2380.0
60-64	2501.0
65-69	2605.0
70-74	2918.0
75-79	3113.0
80-84	3307.0
85-89	3578.0
90-94	3862.0
95-99	4113.0
100-104	4411.0
105-109	4469.0
110-114	5062.0
115-119	5254.0
120-124	5677.0
125-129	5933.0
130-134	6343.0
135-139	6608.0
140-144	7102.0
145-149	7508.0
150-154	7814.0
155-159	8139.0
160-164	8532.0
165-169	8821.0
170-174	8998.0
175-179	9283.0
180-184	9571.0
185-189	9907.0
190-194	9825.0
195-199	10068.0
200-204	10149.0
205-209	10306.0
210-214	10233.0
215-219	10193.0
220-224	10123.0
225-229	9811.0
230-234	9551.0
235-239	9622.0
240-244	8791.0
245-249	21365.0
250-252	175903.0
>>END_MODULE
>>Sequence Duplication Levels	pass
#Total Deduplicated Percentage	82.07269826687553
#Duplication Level	Percentage of total
1	69.27671704172792
2	19.077806588560094
3	6.6805678715529435
4	2.5993345301921837
5	1.0373256683607448
6	0.5071576028955118
7	0.2543188886770444
8	0.16250221487919117
9	0.13210930277385996
>10	0.204476657090014
>50	0.0
>100	0.06768363329048863
>500	0.0
>1k	0.0
>5k	0.0
>10k+	0.0
>>END_MODULE
>>Overrepresented sequences	pass
>>END_MODULE
>>Adapter Content	pass
#Position	Illumina Universal Adapter	Illumina Small RNA 3' Adapter	Illumina Small RNA 5' Adapter	Nextera Transposase Sequence	PolyA	PolyG
1	0.0	0.0	0.0	0.0	0.0	0.0
2	0.0	0.0	0.0	0.0	0.0	0.0
3	0.0	0.0	0.0	0.0	0.0	0.0
4	0.0	0.0	0.0	0.0	0.0	0.0
5	0.0	0.0	0.0	0.0	0.0	0.0
6	0.0	0.0	0.0	0.0	0.0	0.0
7	0.0	0.0	0.0	0.0	0.0	0.0
8	0.0	0.0	0.0	0.0	0.0	0.0
9	0.0	0.0	0.0	0.0	0.0	0.0
10-14	0.0	0.0	0.0	0.0	2.1242562447822957E-4	0.0
15-19	0.0	0.0	0.0	0.0	2.1242562447822957E-4	0.001571949621138899
20-24	0.0	0.0	0.0	0.0	3.8236612406081325E-4	0.0016994049958258366
25-29	0.0	0.0	0.0	0.0	6.372768734346887E-4	0.0016994049958258366
30-34	0.0	0.0	0.0	8.497024979129183E-5	9.346727477042101E-4	0.0016994049958258366
35-39	0.0	0.0	0.0	2.973958742695214E-4	0.0010621281223911479	0.0016994049958258366
40-44	0.0	0.0	0.0	6.797619983303346E-4	0.0010621281223911479	0.0016994049958258366
45-49	0.0	0.0	0.0	0.001529464496243253	0.0010621281223911479	0.0016994049958258366
50-54	0.0	0.0	0.0	0.0019968008700953577	0.0010621281223911479	0.0016994049958258366
55-59	0.0	0.0	0.0	0.002888988492903922	0.0010621281223911479	0.0016994049958258366
60-64	0.0	0.0	0.0	0.004078571989982007	0.0010621281223911479	0.0016994049958258366
65-69	0.0	0.0	0.0	0.005140700112373156	0.0010621281223911479	0.0016994049958258366
70-74	0.0	0.0	0.0	0.006627679483720762	0.0011046132472867939	0.0016994049958258366
75-79	0.0	0.0	0.0	0.007774777855903202	0.0012745537468693774	0.0016994049958258366
80-84	0.0	0.0	0.0	0.008539510104024827	0.001486979371347607	0.0016994049958258366
85-89	0.0	0.0	0.0	0.009474182851729037	0.001486979371347607	0.0016994049958258366
90-94	0.0	0.0	0.0	0.011555953971615688	0.001486979371347607	0.0016994049958258366
95-99	0.0	0.0	0.0	0.013850150715980569	0.001486979371347607	0.0016994049958258366
100-104	0.0	0.0	0.0	0.016271802835032385	0.001486979371347607	0.0016994049958258366
105-109	0.0	0.0	0.0	0.01911830620304066	0.0017843752456171286	0.0016994049958258366
110-114	0.0	0.0	0.0	0.021794869071466355	0.0024216521190518173	0.0016994049958258366
115-119	0.0	0.0	0.0	0.02608586668592659	0.002676562868425693	0.0016994049958258366
120-124	0.0	0.0	0.0	0.028634974179665346	0.0027615331182169844	0.0016994049958258366
125-129	0.0	0.0	0.0	0.03237366517048219	0.0027615331182169844	0.0016994049958258366
130-134	0.0	0.0	0.0	0.036452237160464196	0.002846503368008276	0.0016994049958258366
135-139	0.0	0.0	0.0	0.04057329427534185	0.0034412951165473187	0.0016994049958258366
140-144	0.0	0.0	0.0	0.04477932164001079	0.004078571989982007	0.0016994049958258366
145-149	0.0	0.0	0.0	0.049707596127905714	0.004843304238103634	0.0016994049958258366
150-154	0.0	0.0	0.0	0.056675156610791644	0.005395610861747032	0.0016994049958258366
155-159	0.0	0.0	0.0	0.062368163346808204	0.005862947235599136	0.0016994049958258366
160-164	0.0	0.0	0.0	0.06784874445834652	0.006670164608616408	0.0016994049958258366
165-169	0.0	0.0	0.0	0.07392411731842388	0.0077322927310075566	0.0016994049958258366
170-174	0.0	0.0	0.0	0.08186883567390967	0.009389212601937747	0.0016994049958258366
175-179	0.0	0.0	0.0	0.09100313752647356	0.010748736598598416	0.0016994049958258366
180-184	0.0	0.0	0.0	0.0999250137545592	0.012575596969111192	0.0016994049958258366
185-189	0.0	0.0	0.0	0.10808215773452319	0.014614882964102193	0.0016994049958258366
190-194	0.0	0.0	0.0	0.11513468846720043	0.016059377210554154	0.0016994049958258366
195-199	0.0	0.0	0.0	0.12575596969111189	0.017418901207214822	0.0016994049958258366
200-204	0.0	0.0	0.0	0.13641973603991903	0.01920327645283195	0.0016994049958258366
205-209	0.0	0.0	0.0	0.14759332388747387	0.020392859949910035	0.0016994049958258366
210-214	0.0	0.0	0.0	0.16131601922876754	0.02192232444615329	0.0016994049958258366
215-219	0.0	0.0	0.0	0.17593090219286972	0.024726342689265924	0.0017418901207214826
220-224	0.0	0.0	0.0	0.19407205052331053	0.026978054308735157	0.0019118306203040661
225-229	0.0	0.0	0.0	0.2112785261060471	0.029187280803308742	0.0019118306203040661
230-234	0.0	0.0	0.0	0.23235114805428747	0.03156644779746491	0.0019118306203040661
235-239	0.0	0.0	0.0	0.25108708813326736	0.0353476239131774	0.0019118306203040661
240	0.0	0.0	0.0	0.25342377000252786	0.03887388927951601	0.0019118306203040661
>>END_MODULE
