##FastQC	0.12.1
>>Basic Statistics	pass
#Measure	Value
Filename	ERR13347004_2.gz
File type	Conventional base calls
Encoding	Sanger / Illumina 1.9
Total Sequences	595657
Total Bases	118.8 Mbp
Sequences flagged as poor quality	0
Sequence length	35-251
%GC	34
>>END_MODULE
>>Per base sequence quality	pass
#Base	Mean	Median	Lower Quartile	Upper Quartile	10th Percentile	90th Percentile
1	33.02398024366372	34.0	34.0	34.0	32.0	34.0
2	33.05145410865649	34.0	34.0	34.0	32.0	34.0
3	33.162096642866615	34.0	34.0	34.0	33.0	34.0
4	33.17298881738987	34.0	34.0	34.0	33.0	34.0
5	33.213668268819134	34.0	34.0	34.0	34.0	34.0
6	36.8399867709101	38.0	38.0	38.0	35.0	38.0
7	36.83630680072592	38.0	38.0	38.0	35.0	38.0
8	36.65698380108015	38.0	37.0	38.0	34.0	38.0
9	36.75026567302995	38.0	38.0	38.0	35.0	38.0
10-14	36.51086212367185	38.0	37.2	38.0	34.2	38.0
15-19	36.46760770040476	38.0	37.0	38.0	34.0	38.0
20-24	36.68032978710902	38.0	37.4	38.0	34.4	38.0
25-29	36.6056945524018	38.0	37.2	38.0	34.0	38.0
30-34	36.533548669788146	38.0	37.0	38.0	34.0	38.0
35-39	36.437695896866636	38.0	37.0	38.0	34.0	38.0
40-44	36.376657950366976	38.0	37.0	38.0	34.0	38.0
45-49	36.58431598453522	38.0	37.0	38.0	34.0	38.0
50-54	36.635862768632464	38.0	37.0	38.0	34.0	38.0
55-59	36.49267247727438	38.0	37.0	38.0	34.0	38.0
60-64	36.45686043068456	38.0	37.0	38.0	34.0	38.0
65-69	36.34902361021578	38.0	37.0	38.0	34.0	38.0
70-74	36.299514457929455	38.0	37.0	38.0	33.8	38.0
75-79	36.219293404731374	38.0	37.0	38.0	33.6	38.0
80-84	36.06094840298526	38.0	37.0	38.0	32.2	38.0
85-89	36.139657377875125	38.0	37.0	38.0	32.6	38.0
90-94	36.103126262584475	38.0	37.0	38.0	32.4	38.0
95-99	36.086607106791064	38.0	37.0	38.0	32.4	38.0
100-104	35.95824357575445	38.0	37.0	38.0	31.8	38.0
105-109	35.689966396638866	38.0	36.8	38.0	31.0	38.0
110-114	35.54644110721556	38.0	36.6	38.0	29.8	38.0
115-119	35.56739499882526	38.0	36.6	38.0	30.0	38.0
120-124	35.62856966247101	38.0	37.0	38.0	30.2	38.0
125-129	35.61802916238811	38.0	37.0	38.0	30.2	38.0
130-134	35.471673972659644	38.0	36.6	38.0	29.2	38.0
135-139	35.39306579261681	38.0	36.0	38.0	28.8	38.0
140-144	35.36706032060209	38.0	36.0	38.0	28.8	38.0
145-149	35.18804525740161	38.0	36.0	38.0	27.8	38.0
150-154	34.9006009562847	38.0	35.4	38.0	26.6	38.0
155-159	34.79454647971427	37.8	35.4	38.0	26.0	38.0
160-164	34.57443577341253	37.8	34.8	38.0	26.0	38.0
165-169	34.55862948738986	37.6	34.8	38.0	26.0	38.0
170-174	34.163192721390814	37.2	34.2	38.0	24.4	38.0
175-179	34.235529917551204	37.6	34.6	38.0	23.6	38.0
180-184	34.55275224139804	38.0	35.0	38.0	24.2	38.0
185-189	34.16167578780005	37.2	34.6	38.0	23.4	38.0
190-194	33.669668941422465	37.0	33.6	38.0	22.6	38.0
195-199	33.07063632711116	37.0	31.8	38.0	21.6	38.0
200-204	32.97718613241423	37.0	31.6	37.6	21.4	38.0
205-209	33.38597984294146	37.0	33.4	37.8	22.0	38.0
210-214	32.92472226692528	37.0	32.0	37.2	21.2	37.8
215-219	32.52893387054654	37.0	31.0	37.0	20.2	37.4
220-224	32.193984256581494	36.6	30.2	37.0	20.0	37.6
225-229	31.526617312888003	35.8	28.8	37.0	18.8	37.2
230-234	30.808840304067672	35.0	27.2	37.0	16.8	37.2
235-239	30.361490727785498	34.4	26.0	37.0	16.0	37.0
240-244	29.637864246507725	33.8	24.8	37.0	14.0	37.0
245-249	29.177536859455934	32.8	24.0	36.8	13.6	37.0
250-251	25.422134239959984	27.5	17.0	34.0	11.0	36.5
>>END_MODULE
>>Per sequence quality scores	pass
#Quality	Count
2	393.0
3	0.0
4	0.0
5	0.0
6	0.0
7	0.0
8	0.0
9	0.0
10	0.0
11	0.0
12	0.0
13	22.0
14	34.0
15	48.0
16	95.0
17	178.0
18	314.0
19	580.0
20	948.0
21	1380.0
22	2005.0
23	2686.0
24	3348.0
25	4367.0
26	5452.0
27	6917.0
28	8525.0
29	10960.0
30	13518.0
31	16863.0
32	21451.0
33	27850.0
34	37129.0
35	55367.0
36	102885.0
37	272342.0
>>END_MODULE
>>Per base sequence content	fail
#Base	G	A	T	C
1	32.9984679066767	29.511443661971832	16.830515535963876	20.659572895387594
2	11.381000698849586	23.297058112030964	47.23836818621653	18.083573002902913
3	13.391537200301043	32.54623158800129	36.4982595957424	17.563971615955275
4	9.303603107192775	21.557493817869048	49.43638452854532	19.70251854639286
5	8.789881464358672	40.9270508547468	41.401966186431565	8.88110149446296
6	19.48328808730244	48.65269863455543	22.478597731426728	9.385415546715407
7	18.502714761853564	37.49008843135147	30.578701214923125	13.428495591871842
8	18.083405010213955	42.67501478335663	25.149681485861734	14.09189872056768
9	20.3844008708741	20.246646865928394	29.70144339318353	29.667508870013975
10-14	18.611809214063005	28.474827975486505	34.680276314374794	18.23308649607569
15-19	16.699212450274164	34.593659283947964	32.10803945812278	16.59908880765509
20-24	16.69642377163746	33.06297709923664	33.56947505644554	16.671124072680357
25-29	16.95701403074938	33.08448016342329	33.12426083216858	16.834244973658745
30-34	16.883769218363618	33.07460219331254	33.213229760240836	16.828398828083003
35-39	16.902178864653134	33.018159054530955	33.23339291879914	16.846269162016767
40-44	16.873249689114456	33.017190538295374	33.14033154384581	16.96922822874436
45-49	16.94767250224391	33.003426295763525	33.154879724679304	16.894021477313256
50-54	16.87557606188822	32.99763941885451	33.12744423313691	16.999340286120354
55-59	16.921203785991178	32.85311019393391	33.0967883955881	17.128897624486815
60-64	16.9650652181207	33.0077163420882	33.0885157356819	16.938702704109197
65-69	16.93292406131922	32.88238385461138	33.11895767104538	17.06573441302402
70-74	16.94717250598562	32.90106254501979	33.07119020480047	17.080574744194113
75-79	17.013559182700984	32.910330212043796	33.099509478469926	16.97660112678529
80-84	16.92755077163769	32.85354230721335	33.187243379385464	17.031663541763496
85-89	16.931897852258494	32.90092359213453	33.05054813423641	17.116630421370573
90-94	17.080474702971763	32.92639207406274	32.97986375600932	17.013269466956178
95-99	16.8604276343394	32.97290755982915	33.088015224753484	17.078649581077972
100-104	16.928569712299833	32.84498645341628	33.06473162765061	17.161712206633275
105-109	16.9804119495581	32.82079715297247	33.142008760651485	17.056782136817947
110-114	16.933092507659524	32.88498210600559	33.074706960185395	17.10721842614949
115-119	16.84962604967102	32.869508994530335	33.10296059941075	17.177904356387895
120-124	16.95927386103481	32.78735792369159	33.163575411692115	17.089792803581485
125-129	16.975611663392083	32.83977986960304	33.0040761267998	17.180532340205076
130-134	16.940218791269213	32.743482624778586	33.06911748136428	17.24718110258792
135-139	17.002542468895264	32.830172742508125	32.99597533792989	17.171309450666723
140-144	16.898053316924383	32.87202511763525	33.05496721803613	17.174954347404228
145-149	16.914700713781684	32.63549639038159	33.105866308418825	17.3439365874179
150-154	16.962667428597232	32.79108020158738	33.06851035336846	17.17774201644693
155-159	16.900017542500493	32.65981707713446	33.17602964237342	17.264135737991623
160-164	16.94667937706845	32.66780426590575	33.07521042082337	17.310305936202436
165-169	16.924089568605417	32.75396540893948	33.038207274806446	17.28373774764866
170-174	16.89827499234636	32.713626095027045	33.09052868411036	17.29757022851624
175-179	16.925945405643894	32.62849066621467	33.017795137807006	17.42776879033444
180-184	17.008500495339284	32.738994775019265	32.85128196687245	17.401222762769002
185-189	16.921011514184606	32.571122257126575	33.13118562684649	17.376680601842335
190-194	16.921885852809478	32.56656847376382	32.99786684383485	17.513678829591843
195-199	16.974351783464765	32.54466254931203	33.0742151375514	17.406770529671807
200-204	16.880607088375907	32.61208596463507	33.035600477202756	17.471706469786263
205-209	17.004092162132086	32.49987989270009	32.91621132316891	17.579816621998916
210-214	16.987544466054636	32.55633206695354	32.931711225096485	17.524412241895337
215-219	16.826115647888088	32.65911554932715	32.974641117406975	17.540127685377797
220-224	16.954162077413564	32.41764899812684	32.99388092064422	17.63430800381537
225-229	16.89614835868515	32.53217190554295	32.93203878041656	17.639640955355336
230-234	16.76557971489169	32.47484959248406	33.00646173688111	17.753108955743144
235-239	16.835770041541487	32.49644264241879	32.886884328161145	17.780902987878576
240-244	16.790201162382886	32.51728543514204	32.880295230221954	17.812218172253118
245-249	16.821108599860164	32.562397359392534	32.85865270483407	17.757841335913238
250-251	17.90658283951461	37.17039430652231	37.65510138334326	7.26792147061982
>>END_MODULE
>>Per sequence GC content	pass
#GC Content	Count
0	393.0
1	196.5
2	0.0
3	0.0
4	0.0
5	0.0
6	0.0
7	0.0
8	0.0
9	1.5
10	3.0
11	7.0
12	15.0
13	20.833333333333336
14	36.66666666666667
15	71.16666666666666
16	132.16666666666663
17	228.6666666666668
18	357.6666666666665
19	609.0000000000003
20	1074.8333333333383
21	1704.833333333315
22	2552.5000000000073
23	3721.166666666806
24	5204.499999999933
25	7201.333333332753
26	9803.666666666637
27	12976.83333333519
28	16819.66666667027
29	21134.166666664594
30	25051.66666665872
31	28639.499999985845
32	31452.499999980795
33	33452.666666647354
34	34572.66666665071
35	33988.16666664898
36	31720.999999980184
37	28664.333333318988
38	24810.833333325332
39	20417.16666666571
40	16306.833333337623
41	12633.500000001624
42	9412.499999999762
43	6713.833333332899
44	4775.833333333377
45	3436.6666666667616
46	2479.6666666666706
47	1877.499999999969
48	1545.666666666648
49	1287.9999999999948
50	1126.000000000007
51	977.0000000000167
52	726.6666666666714
53	559.4999999999972
54	455.1666666666627
55	344.9999999999992
56	225.0000000000007
57	181.33333333333354
58	167.33333333333343
59	103.49999999999987
60	71.16666666666669
61	43.83333333333334
62	16.500000000000007
63	9.666666666666666
64	6.999999999999999
65	4.333333333333334
66	1.3333333333333333
67	2.1666666666666665
68	3.3333333333333335
69	2.5
70	1.3333333333333333
71	1.0
72	1.4999999999999998
73	2.1666666666666665
74	1.6666666666666665
75	0.6666666666666666
76	0.3333333333333333
77	0.6666666666666666
78	1.3333333333333333
79	1.0
80	0.0
81	1.0
82	1.0
83	0.0
84	0.6666666666666666
85	0.6666666666666666
86	0.6666666666666666
87	0.6666666666666666
88	0.3333333333333333
89	0.6666666666666666
90	0.3333333333333333
91	0.6666666666666666
92	0.3333333333333333
93	0.6666666666666666
94	0.6666666666666666
95	0.6666666666666666
96	0.6666666666666666
97	0.0
98	0.0
99	0.0
100	0.5
>>END_MODULE
>>Per base N content	pass
#Base	N-Count
1	0.06597756762700682
2	0.06597756762700682
3	0.06597756762700682
4	0.06597756762700682
5	0.06597756762700682
6	0.06597756762700682
7	0.06597756762700682
8	0.06597756762700682
9	0.06597756762700682
10-14	0.06597756762700682
15-19	0.06597756762700682
20-24	0.06597756762700682
25-29	0.06597756762700682
30-34	0.06597756762700682
35-39	0.013210830056957838
40-44	0.0
45-49	0.0
50-54	0.0
55-59	0.0
60-64	0.0
65-69	0.0
70-74	0.0
75-79	0.0
80-84	0.0
85-89	0.0
90-94	0.0
95-99	0.0
100-104	0.0
105-109	0.0
110-114	0.0
115-119	0.0
120-124	0.0
125-129	0.0
130-134	0.0
135-139	0.0
140-144	0.0
145-149	0.0
150-154	0.0
155-159	0.0
160-164	0.0
165-169	0.0
170-174	0.0
175-179	0.0
180-184	0.0
185-189	0.0
190-194	0.0
195-199	0.0
200-204	0.0
205-209	0.0
210-214	0.0
215-219	0.0
220-224	0.0
225-229	0.0
230-234	0.0
235-239	0.0
240-244	0.0
245-249	0.0
250-251	0.0
>>END_MODULE
>>Sequence Length Distribution	warn
#Length	Count
35-39	1555.0
40-44	1675.0
45-49	2153.0
50-54	2327.0
55-59	2644.0
60-64	2909.0
65-69	3200.0
70-74	3538.0
75-79	3849.0
80-84	4288.0
85-89	4708.0
90-94	5340.0
95-99	5610.0
100-104	6357.0
105-109	6628.0
110-114	7385.0
115-119	7969.0
120-124	8523.0
125-129	8886.0
130-134	9565.0
135-139	10044.0
140-144	10514.0
145-149	10975.0
150-154	11185.0
155-159	11545.0
160-164	11715.0
165-169	12185.0
170-174	12258.0
175-179	12341.0
180-184	12397.0
185-189	12284.0
190-194	12040.0
195-199	11956.0
200-204	11596.0
205-209	11538.0
210-214	11141.0
215-219	11032.0
220-224	10802.0
225-229	10327.0
230-234	9716.0
235-239	9803.0
240-244	8990.0
245-249	24941.0
250-252	225223.0
>>END_MODULE
>>Sequence Duplication Levels	pass
#Total Deduplicated Percentage	79.47896646228385
#Duplication Level	Percentage of total
1	65.52065216290637
2	20.05612458721045
3	7.7115547994363585
4	3.245704456175471
5	1.4471137973913049
6	0.7278654656745177
7	0.40587007772691513
8	0.24161154809047808
9	0.12978952024309776
>10	0.44769030540757604
>50	0.0
>100	0.0660232797374586
>500	0.0
>1k	0.0
>5k	0.0
>10k+	0.0
>>END_MODULE
>>Overrepresented sequences	pass
>>END_MODULE
>>Adapter Content	pass
#Position	Illumina Universal Adapter	Illumina Small RNA 3' Adapter	Illumina Small RNA 5' Adapter	Nextera Transposase Sequence	PolyA	PolyG
1	0.0	0.0	0.0	0.0	0.0	0.0
2	0.0	0.0	0.0	0.0	0.0	0.0
3	0.0	0.0	0.0	0.0	0.0	0.0
4	0.0	0.0	0.0	0.0	0.0	0.0
5	0.0	0.0	0.0	0.0	0.0	0.0
6	0.0	0.0	0.0	0.0	0.0	0.0
7	0.0	0.0	0.0	0.0	0.0	0.0
8	0.0	0.0	0.0	0.0	0.0	0.0
9	0.0	0.0	0.0	0.0	0.0	0.0
10-14	0.0	0.0	0.0	0.0	0.0	3.357637029364215E-5
15-19	0.0	0.0	0.0	0.0	0.0	0.0015445130335075387
20-24	0.0	0.0	0.0	0.0	0.0	0.0018467003661503181
25-29	0.0	0.0	0.0	0.0	0.0	0.0018467003661503181
30-34	0.0	0.0	0.0	0.0	5.036455544046322E-4	0.0018467003661503181
35-39	0.0	0.0	0.0	1.0072911088092643E-4	5.036455544046322E-4	0.0018467003661503181
40-44	0.0	0.0	0.0	8.058328870474115E-4	5.036455544046322E-4	0.0018467003661503181
45-49	0.0	0.0	0.0	0.0013766311820393282	5.036455544046322E-4	0.0018467003661503181
50-54	0.0	0.0	0.0	0.0018802767364439602	5.036455544046322E-4	0.0018467003661503181
55-59	0.0	0.0	0.0	0.002786838734372298	5.036455544046322E-4	0.0018467003661503181
60-64	0.0	0.0	0.0	0.003626247991713352	5.036455544046322E-4	0.0018467003661503181
65-69	0.0	0.0	0.0	0.004734268211403543	5.036455544046322E-4	0.0018467003661503181
70-74	0.0	0.0	0.0	0.0060437466528555864	6.379510355792008E-4	0.0018467003661503181
75-79	0.0	0.0	0.0	0.007722565167537693	6.715274058728429E-4	0.0018467003661503181
80-84	0.0	0.0	0.0	0.009199925460457949	6.715274058728429E-4	0.0018467003661503181
85-89	0.0	0.0	0.0	0.009837876496037148	6.715274058728429E-4	0.0018467003661503181
90-94	0.0	0.0	0.0	0.012121069676004815	6.715274058728429E-4	0.0018467003661503181
95-99	0.0	0.0	0.0	0.015478706705369027	8.394092573410537E-4	0.0018467003661503181
100-104	0.0	0.0	0.0	0.018265545439741328	8.394092573410537E-4	0.0018467003661503181
105-109	0.0	0.0	0.0	0.021958946172041964	8.394092573410537E-4	0.0018467003661503181
110-114	0.0	0.0	0.0	0.02467863216582698	0.0012087493305711172	0.0018467003661503181
115-119	0.0	0.0	0.0	0.027163283567556495	0.0018802767364439602	0.0018467003661503181
120-124	0.0	0.0	0.0	0.030453767856333424	0.002518227772023161	0.0018467003661503181
125-129	0.0	0.0	0.0	0.03394571036687221	0.0031561788076023617	0.0018467003661503181
130-134	0.0	0.0	0.0	0.038478520356513904	0.0039284353243561315	0.0018467003661503181
135-139	0.0	0.0	0.0	0.042608413902631884	0.005271490136101817	0.0018467003661503181
140-144	0.0	0.0	0.0	0.04747698759521	0.006178052134030156	0.0018467003661503181
145-149	0.0	0.0	0.0	0.05221125580661353	0.006748850429022071	0.0018467003661503181
150-154	0.0	0.0	0.0	0.05862434253269919	0.00782329427841862	0.0018467003661503181
155-159	0.0	0.0	0.0	0.06594399125671317	0.008964890868402454	0.0018467003661503181
160-164	0.0	0.0	0.0	0.07198773790956876	0.010005758347505358	0.0018467003661503181
165-169	0.0	0.0	0.0	0.07826651915447984	0.011785305973068393	0.0018467003661503181
170-174	0.0	0.0	0.0	0.08538470965673198	0.013531277228337784	0.0018467003661503181
175-179	0.0	0.0	0.0	0.09471894059836447	0.014605721077734335	0.0018467003661503181
180-184	0.0	0.0	0.0	0.10462396983498892	0.016351692333003726	0.0018467003661503181
185-189	0.0	0.0	0.0	0.1142268117389706	0.018299121810034968	0.0018467003661503181
190-194	0.0	0.0	0.0	0.12396395912412679	0.020515162249415353	0.0019138531067376021
195-199	0.0	0.0	0.0	0.13205586436489458	0.02202609891262925	0.0020145822176185287
200-204	0.0	0.0	0.0	0.14155797715799529	0.023637764686724065	0.0020145822176185287
205-209	0.0	0.0	0.0	0.14975061150964397	0.025551617793461674	0.0020145822176185287
210-214	0.0	0.0	0.0	0.16059577911449038	0.028338456527833972	0.0020145822176185287
215-219	0.0	0.0	0.0	0.17510077108134378	0.03179682266807911	0.0020145822176185287
220-224	0.0	0.0	0.0	0.1885648955690943	0.034919425105387834	0.0020145822176185287
225-229	0.0	0.0	0.0	0.20098815257774189	0.03777341658034741	0.0020145822176185287
230-234	0.0	0.0	0.0	0.21666831750487275	0.040526678944426076	0.0020145822176185287
235-239	0.0	0.0	0.0	0.23305358620817013	0.04375001049261572	0.0020145822176185287
240	0.0	0.0	0.0	0.23520247390696322	0.04616750915375795	0.0020145822176185287
>>END_MODULE
