##FastQC	0.12.1
>>Basic Statistics	pass
#Measure	Value
Filename	ERR13347004_1.gz
File type	Conventional base calls
Encoding	Sanger / Illumina 1.9
Total Sequences	595657
Total Bases	118.7 Mbp
Sequences flagged as poor quality	0
Sequence length	35-251
%GC	34
>>END_MODULE
>>Per base sequence quality	pass
#Base	Mean	Median	Lower Quartile	Upper Quartile	10th Percentile	90th Percentile
1	33.63853526442231	34.0	34.0	34.0	34.0	34.0
2	33.57582467762487	34.0	34.0	34.0	34.0	34.0
3	33.64172669841872	34.0	34.0	34.0	34.0	34.0
4	33.63912117208393	34.0	34.0	34.0	34.0	34.0
5	33.63861249007399	34.0	34.0	34.0	34.0	34.0
6	37.46030181799257	38.0	38.0	38.0	37.0	38.0
7	37.396081973350434	38.0	38.0	38.0	37.0	38.0
8	37.287390226254374	38.0	38.0	38.0	37.0	38.0
9	37.26257057333331	38.0	38.0	38.0	37.0	38.0
10-14	37.214341139279824	38.0	38.0	38.0	36.2	38.0
15-19	37.19192891210882	38.0	38.0	38.0	36.2	38.0
20-24	37.181904350993946	38.0	38.0	38.0	36.0	38.0
25-29	37.06501191121737	38.0	38.0	38.0	36.0	38.0
30-34	37.00374544410626	38.0	38.0	38.0	36.0	38.0
35-39	36.95718003187787	38.0	38.0	38.0	35.8	38.0
40-44	36.86369497339456	38.0	37.6	38.0	35.4	38.0
45-49	36.839620173412214	38.0	37.4	38.0	35.2	38.0
50-54	36.8587898372428	38.0	37.6	38.0	35.4	38.0
55-59	36.73695797460264	38.0	37.0	38.0	34.8	38.0
60-64	36.699642232102505	38.0	37.0	38.0	34.2	38.0
65-69	36.7437386253806	38.0	37.0	38.0	34.6	38.0
70-74	36.746816035122514	38.0	37.2	38.0	34.6	38.0
75-79	36.6740460955251	38.0	37.0	38.0	34.2	38.0
80-84	36.650406143193926	38.0	37.0	38.0	34.2	38.0
85-89	36.611838816898114	38.0	37.0	38.0	34.2	38.0
90-94	36.62954653953409	38.0	37.0	38.0	34.0	38.0
95-99	36.498293815668504	38.0	37.0	38.0	34.0	38.0
100-104	36.45387902697097	38.0	37.0	38.0	34.0	38.0
105-109	36.51828198185364	38.0	37.0	38.0	34.0	38.0
110-114	36.34706741402891	38.0	37.0	38.0	33.8	38.0
115-119	36.36800416900359	38.0	37.0	38.0	33.8	38.0
120-124	36.230233707213465	38.0	37.0	38.0	33.0	38.0
125-129	36.179110309203594	38.0	37.0	38.0	32.6	38.0
130-134	36.248936338958856	38.0	37.0	38.0	33.0	38.0
135-139	36.12404118753984	38.0	37.0	38.0	32.8	38.0
140-144	35.81654058876104	38.0	37.0	38.0	31.2	38.0
145-149	35.66361417454826	38.0	36.2	38.0	30.8	38.0
150-154	35.6192827197066	38.0	36.2	38.0	30.6	38.0
155-159	35.80038953693846	38.0	36.8	38.0	31.2	38.0
160-164	35.770031493427815	38.0	36.8	38.0	31.0	38.0
165-169	35.577478033075636	38.0	36.0	38.0	30.2	38.0
170-174	35.478895068512436	38.0	36.0	38.0	29.6	38.0
175-179	35.55849858175408	38.0	36.0	38.0	29.8	38.0
180-184	35.38819344719798	38.0	36.0	38.0	28.8	38.0
185-189	35.23900242092341	38.0	35.8	38.0	27.6	38.0
190-194	35.04220644440494	38.0	35.4	38.0	27.2	38.0
195-199	34.696585015768484	37.6	35.0	38.0	26.6	38.0
200-204	34.64605335356863	37.2	35.0	38.0	26.0	38.0
205-209	34.426431075324174	37.0	34.6	38.0	25.2	38.0
210-214	34.09842900460402	37.0	34.0	38.0	24.2	38.0
215-219	33.84650206414997	37.0	33.8	38.0	24.0	38.0
220-224	33.91164173867425	37.0	33.8	37.8	24.2	38.0
225-229	34.262242095244346	37.0	34.0	38.0	24.0	38.0
230-234	33.843876422228774	37.0	33.8	37.6	23.8	38.0
235-239	33.26245678931833	37.0	32.2	37.2	22.0	38.0
240-244	32.9789825317594	37.0	31.8	37.0	22.0	37.6
245-249	32.49837915724836	36.4	31.2	37.0	20.6	37.2
250-251	29.094758059293582	32.5	25.0	36.0	15.0	37.5
>>END_MODULE
>>Per sequence quality scores	pass
#Quality	Count
2	393.0
3	0.0
4	0.0
5	0.0
6	0.0
7	0.0
8	0.0
9	0.0
10	0.0
11	0.0
12	0.0
13	2.0
14	5.0
15	6.0
16	20.0
17	45.0
18	46.0
19	86.0
20	195.0
21	338.0
22	532.0
23	904.0
24	1249.0
25	1820.0
26	2592.0
27	3625.0
28	5110.0
29	7078.0
30	9580.0
31	13273.0
32	17846.0
33	23797.0
34	32922.0
35	48303.0
36	88350.0
37	337540.0
>>END_MODULE
>>Per base sequence content	fail
#Base	G	A	T	C
1	33.16595661756801	29.755537039028063	16.631612192237395	20.446894151166543
2	11.61367057305666	23.37383077088485	46.98167535748844	18.030823298570045
3	13.647222072895387	32.54455166111171	36.38788839909687	17.420337866896034
4	9.587174766154178	21.624018922696482	49.1617164820987	19.62708982905064
5	8.858422481453607	41.04867756155252	41.234141490162344	8.858758466831523
6	19.63800935383292	48.75618213095366	22.205777604558648	9.400030910654769
7	18.485075529512958	37.552077733577036	30.484793301795506	13.478053435114504
8	18.13632270723578	42.977737608859265	24.83318325986453	14.052756424040425
9	20.405903935060746	20.503003709278573	29.57158504461886	29.519507311041828
10-14	18.697519083969468	28.68488603375981	34.44790882700785	18.169686055262872
15-19	16.7597234168369	34.77082437372326	31.945556929362436	16.52389528007741
20-24	16.776892269648425	33.180403988818405	33.41787845392968	16.624825287603485
25-29	17.000624932802925	33.255664713471674	32.94602058918396	16.797689764541445
30-34	16.980700999892484	33.21070986990647	33.02749704332867	16.78109208687238
35-39	16.93252098885301	33.216313949938744	33.031976482264206	16.81918857894404
40-44	17.01192654676089	33.177469307424516	32.98739944664058	16.823204699174006
45-49	17.063778344071352	33.111744115839414	33.01728923275184	16.80718830733739
50-54	16.9581833952542	33.07113682361581	33.06173670714938	16.908943073980616
55-59	17.023885951532947	32.99604854065887	32.96827655581044	17.01178895199774
60-64	16.97100109559025	33.11763900301287	32.99582306217474	16.91553683922213
65-69	16.95088731839355	33.03791042670095	33.02479810989911	16.986404145006393
70-74	16.98944338409841	33.053028147514325	32.97521559407877	16.982312874308498
75-79	17.066652640422962	33.1034910368471	32.85255131915777	16.977305003572162
80-84	16.923682976307447	33.06710884626975	33.02575097510214	16.983457202320672
85-89	17.02753452200934	32.96067441353154	32.965800963296374	17.045990101162737
90-94	17.067866091353753	33.08092050065921	32.914119708462465	16.93709369952457
95-99	16.951529702617254	33.09370837718474	32.97391390790017	16.98084801229784
100-104	17.034748438721383	32.96661687225823	32.943934505850265	17.05470018317012
105-109	17.07379529558537	33.00820275237842	32.94969324882124	16.968308703214966
110-114	16.954052589384485	33.02221007985596	32.97969935700199	17.044037973757558
115-119	17.007246486551974	32.94811606493821	32.95084201599225	17.093795432517567
120-124	17.062024324003197	32.99967200394057	32.952914300743544	16.985389371312685
125-129	16.957934751151747	33.0132421841391	32.96455193235771	17.064271132351447
130-134	16.987710328365722	32.96671263529252	32.9410270184813	17.104550017860465
135-139	17.04915449204534	32.97342921389206	32.87696104554435	17.100455248518248
140-144	16.968800870962724	33.002436621908856	32.90729431282078	17.12146819430764
145-149	17.00507624979374	32.902981146145684	32.89691526730801	17.195027336752567
150-154	17.0469645887878	32.962744313558886	32.89727981317205	17.093011284481264
155-159	17.020583750477208	32.950304900729634	32.97471655970232	17.05439478909084
160-164	16.96292559829914	32.979017742608924	32.85782818247215	17.200228476619788
165-169	16.964737074014664	32.97104976179291	32.90836492263619	17.15584824155624
170-174	16.9584552851433	32.96463336988861	32.889295596662095	17.18761574830599
175-179	16.976010000159746	32.96243749900158	32.8184655505679	17.243086950270772
180-184	16.98721631086008	32.96118628183879	32.80291645135547	17.248680955945655
185-189	16.929491765026487	32.888851276548635	32.94425851174357	17.237398446681315
190-194	17.02086097252158	32.834612783570506	32.87835859126393	17.26616765264398
195-199	16.99414399289767	32.85385022507782	32.92180039495325	17.23020538707126
200-204	16.923109543632982	32.9734651711229	32.78381288269123	17.319612402552885
205-209	16.95057302788925	32.884402015555224	32.8234669086992	17.341558047856324
210-214	17.011032820381235	32.952469191590104	32.72494926621664	17.31154872181202
215-219	16.86074668543571	32.98396963923988	32.81135212465684	17.343931550667566
220-224	16.95878272958146	32.8966895326551	32.75188974267941	17.39263799508402
225-229	17.019144958315447	32.919570841146836	32.80971114525203	17.25157305528569
230-234	16.908713008962174	32.88362507591803	32.80933713027277	17.398324784847016
235-239	16.870790608980744	32.886815377573534	32.75915554426884	17.48323846917688
240-244	16.921155769130518	32.95396922435323	32.71764663137625	17.40722837514
245-249	16.92260629155901	33.01201767702102	32.746484085253634	17.318891946166335
250-251	18.80230112642897	38.25056272194887	35.65933281124558	7.287803340376593
>>END_MODULE
>>Per sequence GC content	pass
#GC Content	Count
0	393.0
1	196.5
2	0.0
3	0.0
4	0.0
5	0.0
6	0.0
7	0.0
8	0.0
9	2.5
10	5.0
11	6.0
12	11.5
13	18.5
14	32.666666666666664
15	76.0
16	137.83333333333331
17	230.1666666666668
18	368.6666666666664
19	625.0000000000002
20	1070.8333333333383
21	1714.8333333333148
22	2558.0000000000105
23	3718.5000000001437
24	5294.166666666574
25	7280.333333332719
26	9753.166666666591
27	13036.500000001965
28	16806.666666670328
29	21054.49999999818
30	24977.333333325503
31	28552.33333331943
32	31591.166666647707
33	33522.16666664728
34	34568.999999984095
35	34055.99999998255
36	31800.166666647005
37	28598.499999985957
38	24700.999999992175
39	20488.999999999
40	16392.33333333774
41	12633.16666666836
42	9438.49999999981
43	6755.166666666255
44	4806.333333333355
45	3487.0000000000855
46	2516.666666666673
47	1899.4999999999668
48	1581.9999999999811
49	1304.3333333333276
50	1073.6666666666758
51	962.6666666666815
52	744.5000000000068
53	561.6666666666634
54	437.83333333332996
55	315.4999999999997
56	228.3333333333339
57	196.33333333333366
58	173.66666666666683
59	96.49999999999994
60	61.83333333333334
61	39.666666666666664
62	12.333333333333334
63	6.5
64	5.333333333333333
65	3.5
66	2.833333333333333
67	1.9999999999999998
68	0.6666666666666666
69	1.1666666666666665
70	0.5
71	0.3333333333333333
72	1.0
73	0.3333333333333333
74	0.3333333333333333
75	0.3333333333333333
76	0.0
77	0.0
78	0.3333333333333333
79	0.0
80	0.0
81	0.0
82	0.3333333333333333
83	0.0
84	0.0
85	0.0
86	0.0
87	0.0
88	0.0
89	0.0
90	0.0
91	0.0
92	0.0
93	0.0
94	0.0
95	0.0
96	0.0
97	0.0
98	0.0
99	0.0
100	0.0
>>END_MODULE
>>Per base N content	pass
#Base	N-Count
1	0.06597756762700682
2	0.06597756762700682
3	0.06597756762700682
4	0.06597756762700682
5	0.06597756762700682
6	0.06597756762700682
7	0.06597756762700682
8	0.06597756762700682
9	0.06597756762700682
10-14	0.06597756762700682
15-19	0.06597756762700682
20-24	0.06597756762700682
25-29	0.06597756762700682
30-34	0.06597756762700682
35-39	0.013210843379569044
40-44	0.0
45-49	0.0
50-54	0.0
55-59	0.0
60-64	0.0
65-69	0.0
70-74	0.0
75-79	0.0
80-84	0.0
85-89	0.0
90-94	0.0
95-99	0.0
100-104	0.0
105-109	0.0
110-114	0.0
115-119	0.0
120-124	0.0
125-129	0.0
130-134	0.0
135-139	0.0
140-144	0.0
145-149	0.0
150-154	0.0
155-159	0.0
160-164	0.0
165-169	0.0
170-174	0.0
175-179	0.0
180-184	0.0
185-189	0.0
190-194	0.0
195-199	0.0
200-204	0.0
205-209	0.0
210-214	0.0
215-219	0.0
220-224	0.0
225-229	0.0
230-234	0.0
235-239	0.0
240-244	7.89847614699696E-5
245-249	0.0
250-251	0.0
>>END_MODULE
>>Sequence Length Distribution	warn
#Length	Count
35-39	1556.0
40-44	1671.0
45-49	2146.0
50-54	2337.0
55-59	2649.0
60-64	2897.0
65-69	3212.0
70-74	3532.0
75-79	3859.0
80-84	4273.0
85-89	4715.0
90-94	5352.0
95-99	5630.0
100-104	6374.0
105-109	6649.0
110-114	7387.0
115-119	7985.0
120-124	8550.0
125-129	8882.0
130-134	9571.0
135-139	10045.0
140-144	10518.0
145-149	11015.0
150-154	11223.0
155-159	11623.0
160-164	11814.0
165-169	12230.0
170-174	12350.0
175-179	12411.0
180-184	12490.0
185-189	12354.0
190-194	12123.0
195-199	12019.0
200-204	11658.0
205-209	11632.0
210-214	11255.0
215-219	11182.0
220-224	10965.0
225-229	10553.0
230-234	9951.0
235-239	10047.0
240-244	9347.0
245-249	24282.0
250-252	223343.0
>>END_MODULE
>>Sequence Duplication Levels	pass
#Total Deduplicated Percentage	78.29697969388302
#Duplication Level	Percentage of total
1	63.720092636981995
2	20.80865857418837
3	7.977969543128953
4	3.5418759680619964
5	1.66243377990941
6	0.8375151678993565
7	0.4595877899064141
8	0.2645524120021843
9	0.16398539996980477
>10	0.49749350308284324
>50	0.0
>100	0.06583522486869318
>500	0.0
>1k	0.0
>5k	0.0
>10k+	0.0
>>END_MODULE
>>Overrepresented sequences	pass
>>END_MODULE
>>Adapter Content	pass
#Position	Illumina Universal Adapter	Illumina Small RNA 3' Adapter	Illumina Small RNA 5' Adapter	Nextera Transposase Sequence	PolyA	PolyG
1	0.0	0.0	0.0	0.0	0.0	0.0030218733264277932
2	0.0	0.0	0.0	0.0	0.0	0.0030218733264277932
3	0.0	0.0	0.0	0.0	0.0	0.0030218733264277932
4	0.0	0.0	0.0	0.0	0.0	0.0030218733264277932
5	0.0	0.0	0.0	0.0	0.0	0.0030218733264277932
6	0.0	0.0	0.0	0.0	0.0	0.0031897551778960038
7	0.0	0.0	0.0	0.0	0.0	0.0031897551778960038
8	0.0	0.0	0.0	0.0	0.0	0.0031897551778960038
9	0.0	0.0	0.0	0.0	0.0	0.0031897551778960038
10-14	0.0	0.0	0.0	0.0	0.0	0.003256907918483288
15-19	0.0	0.0	0.0	0.0	0.0	0.0033576370293642147
20-24	0.0	0.0	0.0	0.0	0.0	0.0033576370293642147
25-29	0.0	0.0	0.0	0.0	3.357637029364215E-5	0.0033576370293642147
30-34	0.0	0.0	0.0	1.343054811745686E-4	1.6788185146821073E-4	0.0033576370293642147
35-39	0.0	0.0	0.0	3.693400732300636E-4	1.6788185146821073E-4	0.003391213399657857
40-44	0.0	0.0	0.0	6.379510355792007E-4	1.6788185146821073E-4	0.0035255188808324253
45-49	0.0	0.0	0.0	0.0010744438493965488	1.6788185146821073E-4	0.0035255188808324253
50-54	0.0	0.0	0.0	0.0018802767364439602	2.3503459205549503E-4	0.0035255188808324253
55-59	0.0	0.0	0.0	0.002753262364078656	4.7006918411098995E-4	0.0035255188808324253
60-64	0.0	0.0	0.0	0.003223331548189646	5.036455544046322E-4	0.003626247991713352
65-69	0.0	0.0	0.0	0.0040627408055307	5.036455544046322E-4	0.0036934007323006363
70-74	0.0	0.0	0.0	0.0052043373955145324	5.707982949919165E-4	0.0036934007323006363
75-79	0.0	0.0	0.0	0.006345933985498366	6.715274058728429E-4	0.0038612825837688472
80-84	0.0	0.0	0.0	0.007890447019005905	6.715274058728429E-4	0.003894858954062489
85-89	0.0	0.0	0.0	0.009468536422807084	6.715274058728429E-4	0.004029164435237057
90-94	0.0	0.0	0.0	0.011248084048370119	6.715274058728429E-4	0.004029164435237057
95-99	0.0	0.0	0.0	0.012591138860115805	6.715274058728429E-4	0.0040963171758243416
100-104	0.0	0.0	0.0	0.015042213891551682	9.401383682219801E-4	0.004197046286705268
105-109	0.0	0.0	0.0	0.017795476255630337	0.0016452421443884653	0.004197046286705268
110-114	0.0	0.0	0.0	0.02078377321176449	0.0024846514017295186	0.004197046286705268
115-119	0.0	0.0	0.0	0.023839222908485922	0.0035590952511260674	0.004297775397586195
120-124	0.0	0.0	0.0	0.026323874310215444	0.0037605534728879205	0.004364928138173479
125-129	0.0	0.0	0.0	0.02954720585840509	0.004230622656998911	0.004364928138173479
130-134	0.0	0.0	0.0	0.03394571036687222	0.00564083020933188	0.004364928138173479
135-139	0.0	0.0	0.0	0.03874713131886304	0.0063795103557920075	0.004364928138173479
140-144	0.0	0.0	0.0	0.043279941308504724	0.007118190502252135	0.004465657249054405
145-149	0.0	0.0	0.0	0.04922295885047939	0.008293363462529612	0.004532809989641689
150-154	0.0	0.0	0.0	0.05459517809746213	0.00997218197721172	0.004532809989641689
155-159	0.0	0.0	0.0	0.060873959342373204	0.011113778567195549	0.004532809989641689
160-164	0.0	0.0	0.0	0.06584326214583225	0.013094784414520435	0.004667115470816259
165-169	0.0	0.0	0.0	0.0709804468007595	0.015243672113313534	0.0047006918411099
170-174	0.0	0.0	0.0	0.0784679773762417	0.016519574184471936	0.0047006918411099
175-179	0.0	0.0	0.0	0.08461245313997821	0.019071378326788742	0.0047006918411099
180-184	0.0	0.0	0.0	0.09173064364223034	0.022328286245272028	0.0047006918411099
185-189	0.0	0.0	0.0	0.09915102147712526	0.024477173944065126	0.0047006918411099
190-194	0.0	0.0	0.0	0.10613490649820283	0.026827519864620075	0.0047006918411099
195-199	0.0	0.0	0.0	0.11311879151928039	0.030118004153397004	0.0047006918411099
200-204	0.0	0.0	0.0	0.11969976009683425	0.035523799770673395	0.0047006918411099
205-209	0.0	0.0	0.0	0.12661649237732453	0.04079528990677521	0.0047006918411099
210-214	0.0	0.0	0.0	0.1347083976180923	0.045999627302289736	0.0047006918411099
215-219	0.0	0.0	0.0	0.1439418994488439	0.05043170818105051	0.0047006918411099
220-224	0.0	0.0	0.0	0.15290679031724633	0.05718055861007258	0.0047006918411099
225-229	0.0	0.0	0.0	0.16210671577770425	0.06349291622527728	0.0047006918411099
230-234	0.0	0.0	0.0	0.17097087753522583	0.07061110672752943	0.0047006918411099
235-239	0.0	0.0	0.0	0.17778688070483517	0.07934096300387639	0.0047006918411099
240	0.0	0.0	0.0	0.17879417181364443	0.08478033499144642	0.0047006918411099
>>END_MODULE
