##FastQC	0.12.1
>>Basic Statistics	pass
#Measure	Value
Filename	ERR13347005_1.gz
File type	Conventional base calls
Encoding	Sanger / Illumina 1.9
Total Sequences	394611
Total Bases	75.1 Mbp
Sequences flagged as poor quality	0
Sequence length	35-251
%GC	34
>>END_MODULE
>>Per base sequence quality	pass
#Base	Mean	Median	Lower Quartile	Upper Quartile	10th Percentile	90th Percentile
1	33.71124727896587	34.0	34.0	34.0	34.0	34.0
2	33.64868186644569	34.0	34.0	34.0	34.0	34.0
3	33.686463377858196	34.0	34.0	34.0	34.0	34.0
4	33.6891064871481	34.0	34.0	34.0	34.0	34.0
5	33.69785941091353	34.0	34.0	34.0	34.0	34.0
6	37.53091525578354	38.0	38.0	38.0	37.0	38.0
7	37.484114735777766	38.0	38.0	38.0	37.0	38.0
8	37.378598163761275	38.0	38.0	38.0	37.0	38.0
9	37.36705008223288	38.0	38.0	38.0	37.0	38.0
10-14	37.32090691845894	38.0	38.0	38.0	37.0	38.0
15-19	37.29359647855736	38.0	38.0	38.0	37.0	38.0
20-24	37.28449587061689	38.0	38.0	38.0	37.0	38.0
25-29	37.181304119753385	38.0	38.0	38.0	36.4	38.0
30-34	37.13223047507545	38.0	38.0	38.0	36.0	38.0
35-39	37.0984004242023	38.0	38.0	38.0	36.0	38.0
40-44	37.02501870345775	38.0	38.0	38.0	36.0	38.0
45-49	36.99713027345501	38.0	38.0	38.0	36.0	38.0
50-54	37.02075377814103	38.0	38.0	38.0	36.0	38.0
55-59	36.91834945440941	38.0	38.0	38.0	35.8	38.0
60-64	36.8884397342168	38.0	38.0	38.0	35.2	38.0
65-69	36.92040843648831	38.0	38.0	38.0	35.6	38.0
70-74	36.920958718868796	38.0	38.0	38.0	35.8	38.0
75-79	36.86914707194235	38.0	38.0	38.0	35.2	38.0
80-84	36.839047806336566	38.0	37.4	38.0	35.2	38.0
85-89	36.80596581224799	38.0	37.8	38.0	35.2	38.0
90-94	36.81579141128535	38.0	37.8	38.0	35.2	38.0
95-99	36.71111655843885	38.0	37.2	38.0	34.6	38.0
100-104	36.663375654386755	38.0	37.0	38.0	34.4	38.0
105-109	36.72158328155727	38.0	37.0	38.0	34.8	38.0
110-114	36.577251243340754	38.0	37.0	38.0	34.2	38.0
115-119	36.590479022119325	38.0	37.0	38.0	34.2	38.0
120-124	36.45841579386782	38.0	37.0	38.0	34.0	38.0
125-129	36.41855561938076	38.0	37.0	38.0	34.0	38.0
130-134	36.48455978457347	38.0	37.0	38.0	34.0	38.0
135-139	36.37499529879138	38.0	37.0	38.0	33.8	38.0
140-144	36.097731306951076	38.0	37.0	38.0	32.6	38.0
145-149	35.95381542780068	38.0	37.0	38.0	31.8	38.0
150-154	35.9037128358881	38.0	37.0	38.0	31.6	38.0
155-159	36.080826378783215	38.0	37.0	38.0	32.2	38.0
160-164	36.043946930320715	38.0	37.0	38.0	32.2	38.0
165-169	35.86303399288189	38.0	37.0	38.0	31.2	38.0
170-174	35.764280427585604	38.0	36.6	38.0	31.0	38.0
175-179	35.84310053346127	38.0	36.8	38.0	31.2	38.0
180-184	35.6962861341007	38.0	36.6	38.0	30.6	38.0
185-189	35.54528835528043	38.0	36.2	38.0	30.0	38.0
190-194	35.35857280874707	38.0	35.8	38.0	29.0	38.0
195-199	35.03339673331286	37.8	35.2	38.0	27.6	38.0
200-204	34.99102051514528	37.6	35.0	38.0	27.6	38.0
205-209	34.75356794031055	37.4	35.0	38.0	26.8	38.0
210-214	34.446548351829065	37.0	34.6	38.0	25.2	38.0
215-219	34.187128268282635	37.0	34.2	38.0	24.6	38.0
220-224	34.24063149810187	37.0	34.2	37.8	25.0	38.0
225-229	34.57109625378966	37.0	35.0	38.0	25.6	38.0
230-234	34.152626901583574	37.0	34.2	37.8	24.2	38.0
235-239	33.600950815741214	37.0	33.2	37.2	23.2	38.0
240-244	33.342378824557144	37.0	32.6	37.0	23.0	37.6
245-249	32.8561229416058	36.6	31.6	37.0	21.6	37.4
250-251	29.40829076747829	32.5	25.5	36.5	15.5	37.5
>>END_MODULE
>>Per sequence quality scores	pass
#Quality	Count
2	325.0
3	0.0
4	0.0
5	0.0
6	0.0
7	0.0
8	0.0
9	0.0
10	0.0
11	0.0
12	0.0
13	2.0
14	6.0
15	6.0
16	8.0
17	19.0
18	34.0
19	59.0
20	108.0
21	180.0
22	295.0
23	457.0
24	632.0
25	958.0
26	1347.0
27	1775.0
28	2620.0
29	3692.0
30	5013.0
31	7034.0
32	9854.0
33	13531.0
34	18770.0
35	28594.0
36	54168.0
37	245124.0
>>END_MODULE
>>Per base sequence content	fail
#Base	G	A	T	C
1	33.388707689342255	29.544797431306208	16.513647453878658	20.55284742547288
2	11.717129190486093	23.41244680257478	46.82311824411721	18.04730576282191
3	13.79328710631369	32.742983519577166	36.06798111015861	17.395748263950534
4	9.453797497248189	21.58357131625267	49.32485556169887	19.637775624800273
5	8.925754401627245	41.15388322182375	41.05446300401231	8.865899372536687
6	19.581217694769787	48.644638663305315	22.426106937603667	9.34803670432123
7	18.612885063126765	37.51236412147527	30.24784040011565	13.626910415282309
8	18.17766798719711	42.55996915944264	25.07266299082392	14.189699862536331
9	20.45748517573538	20.479296754132786	29.39566710458906	29.667550965542777
10-14	18.79326174401323	28.604312605570577	34.43196055655032	18.17046509386587
15-19	16.892813845787067	34.7402139563667	31.755933510193106	16.611038687653124
20-24	16.89210370137413	33.095164423793896	33.36268596906814	16.650045905763836
25-29	17.11554556844524	33.076954292062105	32.89059210826659	16.916908031226065
30-34	17.046509386587402	33.119664406040286	32.95100510796731	16.882821099405003
35-39	17.006079582835838	33.1067196244223	32.904269922106614	16.98293087063525
40-44	17.108858536962938	33.035760661337484	32.900714846586524	16.95466595511305
45-49	17.161679218368945	33.038943509670695	32.80253181383602	16.99684545812435
50-54	17.10822063241326	32.96423546484441	32.92687689554914	17.000667007193197
55-59	17.178962595577598	32.903337466418684	32.78931597437487	17.12838396362885
60-64	17.200799444858834	32.99508533736002	32.7582666912703	17.04584852651085
65-69	17.086463096015674	33.00057361536787	32.83210026964109	17.080863018975364
70-74	17.048603948229935	32.96962457680013	32.8698557176631	17.111915757306843
75-79	17.191871253876172	32.94891355424299	32.75190529128433	17.10730990059651
80-84	17.076230465096778	32.96375844120663	32.845780417905566	17.114230675791017
85-89	17.134484433419498	32.91049908892069	32.778590885729905	17.176425591929913
90-94	17.1692740213758	32.93114845698057	32.79849839247041	17.101079129173225
95-99	17.035167504519052	33.01480264716391	32.80578081915376	17.144249029163284
100-104	17.17269119006064	32.85004428327269	32.799200525743686	17.178064000922994
105-109	17.223895697762654	32.85307778978592	32.80398491572581	17.11904159672561
110-114	17.14072600696171	32.952291806827155	32.750753210284614	17.15622897592652
115-119	17.11498206321071	32.9033512015592	32.843313485711086	17.13835324951901
120-124	17.19579086795848	32.896337918772055	32.72102843361584	17.18684277965363
125-129	17.157955099456252	32.86399270772432	32.795378570098805	17.182673622720618
130-134	17.18041002132672	32.78857219365554	32.78085759553191	17.25016018948583
135-139	17.20677488019279	32.804214806509556	32.70530762618842	17.28370268710923
140-144	17.072653045871782	32.891680693604656	32.78555509731986	17.250111163203705
145-149	17.14533445717207	32.69444943416562	32.789238783490624	17.370977325171687
150-154	17.160286798915045	32.85948360834112	32.706938559548036	17.273291033195797
155-159	17.165548926933187	32.83969448854699	32.756899858097775	17.237856726422045
160-164	17.22098547022387	32.75994618489333	32.62033865985856	17.398729685024236
165-169	17.157469776285094	32.79171435540462	32.68890994489996	17.361905923410323
170-174	17.142783230543248	32.81424946260551	32.68878330976801	17.354183997083236
175-179	17.176940032875887	32.757935595049375	32.63387722152743	17.431247150547303
180-184	17.1880104081012	32.8144590464786	32.59567403546137	17.401856509958833
185-189	17.065449458882426	32.731103980405926	32.793951549910844	17.409495010800804
190-194	17.17304254525185	32.662942479831976	32.62571922311341	17.538295751802767
195-199	17.153351237998553	32.77470520512358	32.655619558997095	17.416323997880777
200-204	17.164161911086936	32.89048092709513	32.52315684347707	17.42220031834086
205-209	17.20659838337735	32.7159614182426	32.442606359353725	17.634833839026324
210-214	17.190947678410275	32.697970956919	32.61851917421962	17.492562190451107
215-219	17.056102000376583	32.767822718754765	32.63153529575267	17.54453998511598
220-224	17.109992727272726	32.814429090909094	32.53922909090909	17.53634909090909
225-229	17.148008986721745	32.74642482926316	32.546773614617564	17.55879256939753
230-234	17.049467745743723	32.83850516680984	32.48873449580275	17.623292591643683
235-239	17.01150024773776	32.724463452160535	32.53005450230787	17.73398179779383
240-244	17.060782218827907	32.88444377641373	32.518832372587816	17.535941632170555
245-249	17.137542801583834	32.90318035143095	32.5962771428974	17.362999704087816
250-251	19.133140039364246	37.93147234979154	35.519248269877885	7.416139340966328
>>END_MODULE
>>Per sequence GC content	pass
#GC Content	Count
0	325.0
1	162.5
2	0.0
3	0.0
4	0.0
5	0.0
6	0.0
7	0.0
8	0.5
9	1.5
10	3.5
11	6.5
12	8.5
13	12.0
14	24.0
15	51.33333333333333
16	98.0
17	166.16666666666666
18	247.00000000000009
19	417.1666666666663
20	694.0000000000008
21	1124.0000000000025
22	1712.9999999999857
23	2422.666666666662
24	3425.8333333334117
25	4765.500000000025
26	6432.999999999712
27	8372.666666666015
28	10827.500000000478
29	13813.500000002237
30	16718.16666667004
31	19524.833333333445
32	21920.666666663546
33	23606.499999994594
34	24170.333333326947
35	23936.999999993874
36	22840.16666666221
37	20599.999999998803
38	17737.00000000252
39	14897.16666666977
40	12129.833333334613
41	9519.333333333232
42	7130.666666666166
43	5124.333333333298
44	3774.666666666771
45	2707.000000000018
46	1882.1666666666426
47	1402.4999999999918
48	1132.6666666666727
49	883.8333333333416
50	734.6666666666713
51	623.1666666666674
52	481.4999999999961
53	359.333333333332
54	300.83333333333337
55	225.66666666666725
56	156.1666666666667
57	132.49999999999986
58	95.66666666666659
59	54.33333333333335
60	36.0
61	22.333333333333325
62	8.5
63	7.333333333333333
64	6.333333333333333
65	3.1666666666666665
66	3.833333333333334
67	4.833333333333333
68	5.333333333333334
69	3.8333333333333335
70	3.166666666666667
71	4.0
72	3.166666666666667
73	2.1666666666666665
74	1.4999999999999998
75	1.6666666666666665
76	1.0
77	0.5
78	1.1666666666666665
79	1.0
80	1.5
81	0.5
82	0.3333333333333333
83	0.0
84	0.0
85	0.3333333333333333
86	0.3333333333333333
87	0.0
88	0.0
89	0.3333333333333333
90	0.0
91	0.0
92	0.0
93	0.0
94	0.0
95	0.0
96	0.0
97	0.0
98	0.0
99	0.0
100	0.0
>>END_MODULE
>>Per base N content	pass
#Base	N-Count
1	0.0823595895704884
2	0.0823595895704884
3	0.0823595895704884
4	0.0823595895704884
5	0.0823595895704884
6	0.0823595895704884
7	0.0823595895704884
8	0.0823595895704884
9	0.0823595895704884
10-14	0.0823595895704884
15-19	0.0823595895704884
20-24	0.0823595895704884
25-29	0.0823595895704884
30-34	0.0823595895704884
35-39	0.01649581234769924
40-44	0.0
45-49	0.0
50-54	0.0
55-59	0.0
60-64	0.0
65-69	0.0
70-74	0.0
75-79	0.0
80-84	0.0
85-89	0.0
90-94	0.0
95-99	0.0
100-104	0.0
105-109	0.0
110-114	0.0
115-119	0.0
120-124	0.0
125-129	0.0
130-134	0.0
135-139	0.0
140-144	0.0
145-149	0.0
150-154	0.0
155-159	0.0
160-164	0.0
165-169	0.0
170-174	0.0
175-179	0.0
180-184	0.0
185-189	0.0
190-194	0.0
195-199	0.0
200-204	0.0
205-209	1.0401627646694155E-4
210-214	0.0
215-219	1.1207834724786015E-4
220-224	0.0
225-229	0.0
230-234	0.0
235-239	0.0
240-244	0.0
245-249	0.0
250-251	4.232696735744278E-4
>>END_MODULE
>>Sequence Length Distribution	warn
#Length	Count
35-39	1287.0
40-44	1453.0
45-49	1824.0
50-54	2056.0
55-59	2243.0
60-64	2477.0
65-69	2909.0
70-74	3189.0
75-79	3516.0
80-84	3924.0
85-89	4184.0
90-94	4777.0
95-99	4951.0
100-104	5593.0
105-109	5821.0
110-114	6386.0
115-119	6577.0
120-124	7290.0
125-129	7395.0
130-134	7823.0
135-139	7920.0
140-144	8174.0
145-149	8275.0
150-154	8384.0
155-159	8526.0
160-164	8417.0
165-169	8519.0
170-174	8313.0
175-179	8324.0
180-184	8096.0
185-189	7958.0
190-194	7770.0
195-199	7620.0
200-204	7424.0
205-209	7179.0
210-214	6891.0
215-219	6679.0
220-224	6442.0
225-229	6342.0
230-234	6003.0
235-239	5742.0
240-244	5444.0
245-249	14206.0
250-252	130288.0
>>END_MODULE
>>Sequence Duplication Levels	pass
#Total Deduplicated Percentage	84.01537171365992
#Duplication Level	Percentage of total
1	72.00107211843026
2	18.65813744869225
3	5.852906400985259
4	1.880745431230641
5	0.8120750515223938
6	0.3307404630772899
7	0.1479622797293147
8	0.10165175660668804
9	0.043694346026146795
>10	0.08866462811264827
>50	0.0
>100	0.08235007558712396
>500	0.0
>1k	0.0
>5k	0.0
>10k+	0.0
>>END_MODULE
>>Overrepresented sequences	pass
>>END_MODULE
>>Adapter Content	pass
#Position	Illumina Universal Adapter	Illumina Small RNA 3' Adapter	Illumina Small RNA 5' Adapter	Nextera Transposase Sequence	PolyA	PolyG
1	0.0	0.0	0.0	0.0	0.0	0.0030409694610641874
2	0.0	0.0	0.0	0.0	0.0	0.0030409694610641874
3	0.0	0.0	0.0	0.0	0.0	0.0030409694610641874
4	0.0	0.0	0.0	0.0	0.0	0.0030409694610641874
5	0.0	0.0	0.0	0.0	0.0	0.0030409694610641874
6	0.0	0.0	0.0	0.0	0.0	0.0030409694610641874
7	0.0	0.0	0.0	0.0	0.0	0.0030409694610641874
8	0.0	0.0	0.0	0.0	0.0	0.0030409694610641874
9	0.0	0.0	0.0	0.0	0.0	0.0030409694610641874
10-14	0.0	0.0	0.0	0.0	0.0	0.0030409694610641874
15-19	0.0	0.0	0.0	0.0	0.0	0.0030409694610641874
20-24	0.0	0.0	0.0	0.0	1.5204847305320938E-4	0.0030409694610641874
25-29	0.0	0.0	0.0	0.0	2.5341412175534895E-4	0.0030409694610641874
30-34	0.0	0.0	0.0	0.0	6.588767165639074E-4	0.0030409694610641874
35-39	0.0	0.0	0.0	5.068282435106979E-5	7.602423652660469E-4	0.0030409694610641874
40-44	0.0	0.0	0.0	8.616080139681865E-4	7.602423652660469E-4	0.0030409694610641874
45-49	0.0	0.0	0.0	0.0014698019061810236	7.602423652660469E-4	0.0030409694610641874
50-54	0.0	0.0	0.0	0.0023314099201492103	8.109251896171166E-4	0.0030409694610641874
55-59	0.0	0.0	0.0	0.003446432055872746	0.0010136564870213958	0.0030409694610641874
60-64	0.0	0.0	0.0	0.004561454191596281	0.0010136564870213958	0.0030409694610641874
65-69	0.0	0.0	0.0	0.005271013732511258	0.0010136564870213958	0.0030409694610641874
70-74	0.0	0.0	0.0	0.006892864111745492	0.0010136564870213958	0.0030409694610641874
75-79	0.0	0.0	0.0	0.008261300369224376	0.0010136564870213958	0.0030409694610641874
80-84	0.0	0.0	0.0	0.009224274031894701	0.0010136564870213958	0.0030409694610641874
85-89	0.0	0.0	0.0	0.011200904181586424	0.0010136564870213958	0.003091652285415257
90-94	0.0	0.0	0.0	0.012822754560820656	0.0011657049600746051	0.0032943835828195362
95-99	0.0	0.0	0.0	0.015356895778374147	0.0012670706087767446	0.0032943835828195362
100-104	0.0	0.0	0.0	0.01662396638715089	0.0012670706087767446	0.0033957492315216755
105-109	0.0	0.0	0.0	0.018651279361193682	0.0013177534331278145	0.003547797704574885
110-114	0.0	0.0	0.0	0.02174293164660894	0.0018752645009895823	0.003547797704574885
115-119	0.0	0.0	0.0	0.025290729351183823	0.002686189690606699	0.003547797704574885
120-124	0.0	0.0	0.0	0.030156280488886522	0.0037505290019791645	0.003547797704574885
125-129	0.0	0.0	0.0	0.03517388009964243	0.005017599610755909	0.003547797704574885
130-134	0.0	0.0	0.0	0.03983669993994085	0.005625793502968747	0.003547797704574885
135-139	0.0	0.0	0.0	0.04500634802374997	0.007754472125713678	0.003547797704574885
140-144	0.0	0.0	0.0	0.05002394763450587	0.009933833572809678	0.003547797704574885
145-149	0.0	0.0	0.0	0.05453471900175109	0.012265243492958888	0.003547797704574885
150-154	0.0	0.0	0.0	0.060464609450826254	0.013582996926086702	0.003547797704574885
155-159	0.0	0.0	0.0	0.06619176860249715	0.015154164480969868	0.003547797704574885
160-164	0.0	0.0	0.0	0.07384487507950868	0.017434891576768006	0.003547797704574885
165-169	0.0	0.0	0.0	0.08063637354255203	0.020374495389130054	0.003547797704574885
170-174	0.0	0.0	0.0	0.08631284986987184	0.022503174011874988	0.003547797704574885
175-179	0.0	0.0	0.0	0.09254683726505343	0.024834583932024194	0.003547797704574885
180-184	0.0	0.0	0.0	0.09883150748458609	0.027368725149577684	0.003547797704574885
185-189	0.0	0.0	0.0	0.10450798381190589	0.032538373233386805	0.003547797704574885
190-194	0.0	0.0	0.0	0.11018446013922571	0.03639026788406811	0.003547797704574885
195-199	0.0	0.0	0.0	0.11773620096753512	0.03887372627727052	0.003547797704574885
200-204	0.0	0.0	0.0	0.12356472576790814	0.04333381482016467	0.003547797704574885
205-209	0.0	0.0	0.0	0.12807549713515337	0.04895960832313342	0.003547797704574885
210-214	0.0	0.0	0.0	0.13354924216506886	0.05706886021930459	0.003547797704574885
215-219	0.0	0.0	0.0	0.14059415474986758	0.06269465372227333	0.003547797704574885
220-224	0.0	0.0	0.0	0.14738565321291092	0.06720542508951854	0.003547797704574885
225-229	0.0	0.0	0.0	0.15367032343244358	0.07450375179607259	0.003547797704574885
230-234	0.0	0.0	0.0	0.16375620547830647	0.08094047048865845	0.003547797704574885
235-239	0.0	0.0	0.0	0.1716627260770734	0.09067157276406385	0.003547797704574885
240	0.0	0.0	0.0	0.17257501691539262	0.09452346741474515	0.003547797704574885
>>END_MODULE
