##FastQC	0.12.1
>>Basic Statistics	pass
#Measure	Value
Filename	ERR13346999_2.gz
File type	Conventional base calls
Encoding	Sanger / Illumina 1.9
Total Sequences	1150033
Total Bases	209.6 Mbp
Sequences flagged as poor quality	0
Sequence length	35-251
%GC	34
>>END_MODULE
>>Per base sequence quality	pass
#Base	Mean	Median	Lower Quartile	Upper Quartile	10th Percentile	90th Percentile
1	33.15096523317157	34.0	34.0	34.0	33.0	34.0
2	33.23961747184646	34.0	34.0	34.0	34.0	34.0
3	33.313852732921575	34.0	34.0	34.0	34.0	34.0
4	33.35700019042932	34.0	34.0	34.0	34.0	34.0
5	33.31457184272104	34.0	34.0	34.0	34.0	34.0
6	37.065583335434724	38.0	38.0	38.0	36.0	38.0
7	37.06989364653014	38.0	38.0	38.0	36.0	38.0
8	36.93344017084727	38.0	38.0	38.0	36.0	38.0
9	37.036480692293175	38.0	38.0	38.0	36.0	38.0
10-14	36.81662334906911	38.0	38.0	38.0	35.4	38.0
15-19	36.77117491411116	38.0	38.0	38.0	35.4	38.0
20-24	36.95242310438048	38.0	38.0	38.0	36.0	38.0
25-29	36.88758253024044	38.0	38.0	38.0	35.8	38.0
30-34	36.82285273553019	38.0	38.0	38.0	35.8	38.0
35-39	36.762263312449946	38.0	37.8	38.0	35.2	38.0
40-44	36.71772738055808	38.0	37.8	38.0	34.8	38.0
45-49	36.89540884374251	38.0	38.0	38.0	35.8	38.0
50-54	36.927576434055446	38.0	38.0	38.0	36.0	38.0
55-59	36.79402746152787	38.0	38.0	38.0	35.4	38.0
60-64	36.78895491208881	38.0	37.8	38.0	34.8	38.0
65-69	36.69335620798322	38.0	37.4	38.0	34.8	38.0
70-74	36.63798057973639	38.0	37.2	38.0	34.4	38.0
75-79	36.59782951270479	38.0	37.0	38.0	34.4	38.0
80-84	36.44698363498258	38.0	37.0	38.0	34.0	38.0
85-89	36.525536386840564	38.0	37.0	38.0	34.0	38.0
90-94	36.51463495733298	38.0	37.0	38.0	34.0	38.0
95-99	36.4850156723363	38.0	37.0	38.0	34.0	38.0
100-104	36.36476667834059	38.0	37.0	38.0	33.8	38.0
105-109	36.12374581666016	38.0	37.0	38.0	32.6	38.0
110-114	36.025628653777	38.0	37.0	38.0	32.4	38.0
115-119	36.027045043933946	38.0	37.0	38.0	32.4	38.0
120-124	36.073569049650466	38.0	37.0	38.0	32.0	38.0
125-129	36.1033069483271	38.0	37.0	38.0	32.0	38.0
130-134	35.95298400350792	38.0	37.0	38.0	32.0	38.0
135-139	35.886312489849175	38.0	37.0	38.0	31.8	38.0
140-144	35.886894013982726	38.0	37.0	38.0	31.4	38.0
145-149	35.703836286478044	38.0	36.6	38.0	30.6	38.0
150-154	35.47458609396275	38.0	36.4	38.0	29.2	38.0
155-159	35.38234709405856	38.0	36.2	38.0	29.2	38.0
160-164	35.15900919554194	38.0	35.8	38.0	27.8	38.0
165-169	35.17754062967881	38.0	35.8	38.0	28.0	38.0
170-174	34.81973081107434	38.0	35.2	38.0	26.2	38.0
175-179	34.86606109867938	38.0	35.4	38.0	26.8	38.0
180-184	35.16899391028667	38.0	36.0	38.0	28.0	38.0
185-189	34.80901398883934	37.8	35.0	38.0	27.0	38.0
190-194	34.343490218570494	37.2	34.8	38.0	24.4	38.0
195-199	33.807602681123086	37.0	34.0	38.0	23.4	38.0
200-204	33.65631622661501	37.0	33.6	37.8	22.6	38.0
205-209	34.018246907703265	37.0	34.4	38.0	23.6	38.0
210-214	33.60108767152318	37.0	33.8	37.2	22.6	37.8
215-219	33.16466864739895	37.0	32.8	37.0	22.0	37.8
220-224	32.8628409590734	37.0	32.0	37.0	21.4	37.6
225-229	32.22115401445456	36.4	30.6	37.0	19.6	37.4
230-234	31.503751136839817	36.0	28.8	37.0	18.4	37.2
235-239	31.089561238161423	35.4	28.2	37.0	17.8	37.0
240-244	30.38934347038694	34.2	26.2	37.0	15.6	37.0
245-249	29.91055275618486	33.8	25.8	37.0	14.8	37.0
250-251	25.936562741281165	28.0	17.5	34.5	11.5	36.5
>>END_MODULE
>>Per sequence quality scores	pass
#Quality	Count
2	1354.0
3	0.0
4	0.0
5	0.0
6	0.0
7	0.0
8	0.0
9	0.0
10	0.0
11	2.0
12	18.0
13	114.0
14	359.0
15	646.0
16	860.0
17	841.0
18	949.0
19	1032.0
20	1393.0
21	1712.0
22	2230.0
23	2886.0
24	3643.0
25	4852.0
26	6092.0
27	7968.0
28	10477.0
29	13710.0
30	17793.0
31	23182.0
32	30676.0
33	40997.0
34	58178.0
35	89394.0
36	176661.0
37	652014.0
>>END_MODULE
>>Per base sequence content	fail
#Base	G	A	T	C
1	33.33133103329999	28.775140835690387	16.45960272626208	21.43392540474754
2	11.294103922853992	23.015045978902723	48.07034863525841	17.620501462984873
3	13.679104432134654	32.33949606460987	36.37917991014026	17.602219593115223
4	9.371634721275482	21.285145806617862	49.05887545606736	20.284344016039295
5	8.871146769463008	40.40301946845028	41.32259752289369	9.40323623919302
6	19.781244368531155	48.38305566655262	22.2706256491152	9.56507431580102
7	18.483579833878743	37.43830957125533	30.41702686303136	13.66108373183457
8	17.733065547468005	42.97371154169268	25.16595149732867	14.12727141351065
9	20.469687353908274	20.57833389484791	29.428500042222417	29.523478709021404
10-14	18.73257890150338	28.240735662443555	34.70012074739766	18.326564688655402
15-19	16.952847575345245	34.270862442858274	31.95272134338662	16.82356863840986
20-24	16.92457161661352	32.75879510289646	33.434075141967426	16.8825581385226
25-29	17.137094001022042	32.732103572886764	33.059941027911194	17.070861398179996
30-34	17.11532987022484	32.824174551811254	32.991915060691454	17.06858051727245
35-39	17.091324520084303	32.73099219385824	33.05982872610662	17.11785455995083
40-44	17.1129545894985	32.68839405147062	33.010770326117346	17.18788103291354
45-49	17.226662611441686	32.72272627988198	32.89262683006548	17.15798427861085
50-54	17.119292327734197	32.74592704220068	32.94737612219024	17.187404507874884
55-59	17.10818153388753	32.54827728121961	32.99914888485363	17.344392300039228
60-64	17.22055179261842	32.75082982519141	32.79853611985087	17.230082262339305
65-69	17.092554906874902	32.61873071587636	33.00616783646211	17.28254654078663
70-74	17.092212021095552	32.6119064816366	32.968454625431285	17.32742687183656
75-79	17.25668144825123	32.646269892755356	32.792605915112524	17.304442743880884
80-84	17.06894677268057	32.61536740007024	32.99288801681263	17.322797810436562
85-89	17.186592931554273	32.62809037982627	32.808954617589414	17.376362071030044
90-94	17.27008994776483	32.65965997193839	32.791669420065126	17.278580660231654
95-99	17.088788369331322	32.7444484238942	32.82317524086448	17.34358796591
100-104	17.155928356566676	32.51442892912593	32.89040752187081	17.439235192436588
105-109	17.181319777538974	32.523759388819215	32.92546659907329	17.369454234568526
110-114	17.08151394199446	32.64265700785122	32.90044981605912	17.3753792340952
115-119	17.046231684826896	32.49771706659909	32.98771047974042	17.468340768833595
120-124	17.181941892304252	32.52874794895257	32.92928334185498	17.360026816888197
125-129	17.138850788027547	32.62886112368097	32.82318285302771	17.40910523526377
130-134	17.12428408539862	32.476164049009164	32.94036459051244	17.459187275079778
135-139	17.22473475770883	32.54034814743684	32.806061272591016	17.42885582226331
140-144	17.099845396037825	32.58392358489435	32.90200026366567	17.414230755402148
145-149	17.116881097332985	32.366608343902584	32.93724863474713	17.57926192401731
150-154	17.195860744981857	32.56662715391881	32.782537927881805	17.454974173217533
155-159	17.126068941033225	32.45841888803294	32.94433680813629	17.471175362797545
160-164	17.076284085680875	32.42158509783595	32.89061035934776	17.611520457135413
165-169	17.230456733753606	32.44250019542116	32.77307809029838	17.553964980526857
170-174	17.070572498085202	32.46415219629601	32.945908561880685	17.519366743738097
175-179	17.145795084473196	32.34023724280885	32.81169372289462	17.702273949823336
180-184	17.21545114355995	32.49077563196734	32.71078662270372	17.582986601768987
185-189	17.032779053460526	32.393540422019825	32.914190215427716	17.659490309091936
190-194	17.128572567479537	32.33325744032763	32.798132026537175	17.74003796565566
195-199	17.227487865816055	32.37067802155881	32.75505911409525	17.646774998529875
200-204	17.04082372245905	32.30639991349916	32.91483667619734	17.737939687844452
205-209	17.142942819373793	32.32762390579486	32.720825569394826	17.80860770543652
210-214	17.161129613985278	32.42649034842639	32.6704594027164	17.741920634871924
215-219	17.036266178102768	32.3352539001659	32.89799459595412	17.730485325777206
220-224	17.172943684404604	32.2797206063065	32.74386868223978	17.803467027049116
225-229	17.142423392285554	32.231785168617236	32.822059616231854	17.803731822865352
230-234	16.968908203497943	32.2257364280703	32.935537492285064	17.869817876146694
235-239	17.009859292258938	32.24549073228808	32.71430746326357	18.030342512189407
240-244	16.962380188667332	32.18920614073859	32.87883352666714	17.969580143926944
245-249	16.967749296417434	32.23022996374331	32.83493065591643	17.96709008392282
250-251	18.142094158872663	36.813468961498295	37.63854670920914	7.405890170419904
>>END_MODULE
>>Per sequence GC content	pass
#GC Content	Count
0	1354.0
1	677.0
2	0.0
3	0.0
4	0.0
5	0.0
6	0.0
7	1.0
8	3.0
9	9.5
10	15.333333333333332
11	19.333333333333332
12	31.833333333333332
13	53.333333333333336
14	94.83333333333331
15	161.66666666666666
16	283.6666666666668
17	492.16666666666634
18	798.1666666666669
19	1262.9999999999998
20	2037.833333333324
21	3186.5000000000146
22	4732.333333333361
23	6947.999999999823
24	9796.333333333332
25	13524.833333334193
26	18444.833333334118
27	24609.1666666635
28	32095.666666657096
29	40258.00000000168
30	48755.16666668544
31	57771.50000004032
32	65592.66666672837
33	70903.50000003788
34	73622.5000000254
35	73475.0000000259
36	70625.16666670558
37	64947.666666727055
38	56882.3333333719
39	48220.666666684374
40	39375.1666666666
41	30882.83333332416
42	23717.33333333053
43	17575.500000001248
44	12910.666666667486
45	9338.166666666546
46	6711.666666666485
47	5000.499999999978
48	3892.0000000001005
49	3012.833333333372
50	2350.999999999991
51	1918.9999999999638
52	1464.3333333333187
53	1088.666666666676
54	890.3333333333433
55	721.6666666666702
56	552.6666666666654
57	414.3333333333326
58	319.83333333333314
59	207.33333333333348
60	149.99999999999994
61	91.66666666666664
62	43.833333333333336
63	23.16666666666666
64	7.499999999999999
65	3.833333333333334
66	3.833333333333334
67	4.333333333333333
68	4.166666666666667
69	2.6666666666666665
70	2.833333333333333
71	1.3333333333333333
72	1.8333333333333333
73	1.9999999999999998
74	1.6666666666666665
75	1.0
76	1.6666666666666665
77	2.6666666666666665
78	0.3333333333333333
79	1.0
80	1.3333333333333333
81	0.3333333333333333
82	1.3333333333333333
83	1.3333333333333333
84	1.3333333333333333
85	1.9999999999999998
86	1.0
87	1.0
88	1.0
89	0.3333333333333333
90	0.3333333333333333
91	0.3333333333333333
92	0.6666666666666666
93	0.3333333333333333
94	0.6666666666666666
95	0.6666666666666666
96	0.0
97	0.6666666666666666
98	1.6666666666666665
99	0.6666666666666666
100	3.5
>>END_MODULE
>>Per base N content	pass
#Base	N-Count
1	0.11773575193059678
2	0.11773575193059678
3	0.11773575193059678
4	0.11773575193059678
5	0.11773575193059678
6	0.11773575193059678
7	0.11773575193059678
8	0.11773575193059678
9	0.11773575193059678
10-14	0.11773575193059678
15-19	0.11773575193059678
20-24	0.11773575193059678
25-29	0.11773575193059678
30-34	0.11773575193059678
35-39	0.023596056426291864
40-44	0.0
45-49	0.0
50-54	0.0
55-59	0.0
60-64	0.0
65-69	0.0
70-74	0.0
75-79	0.0
80-84	0.0
85-89	0.0
90-94	0.0
95-99	0.0
100-104	0.0
105-109	0.0
110-114	0.0
115-119	0.0
120-124	0.0
125-129	0.0
130-134	0.0
135-139	0.0
140-144	0.0
145-149	0.0
150-154	0.0
155-159	0.0
160-164	0.0
165-169	0.0
170-174	0.0
175-179	0.0
180-184	0.0
185-189	0.0
190-194	0.0
195-199	0.0
200-204	0.0
205-209	0.0
210-214	0.0
215-219	0.0
220-224	0.0
225-229	0.0
230-234	0.0
235-239	0.0
240-244	0.0
245-249	0.0
250-251	0.0
>>END_MODULE
>>Sequence Length Distribution	warn
#Length	Count
35-39	5375.0
40-44	5684.0
45-49	6936.0
50-54	7588.0
55-59	8600.0
60-64	9160.0
65-69	10040.0
70-74	10833.0
75-79	11830.0
80-84	13042.0
85-89	13755.0
90-94	15179.0
95-99	15895.0
100-104	17529.0
105-109	18267.0
110-114	19661.0
115-119	20540.0
120-124	22359.0
125-129	22917.0
130-134	24455.0
135-139	25486.0
140-144	26496.0
145-149	26946.0
150-154	27623.0
155-159	27840.0
160-164	28523.0
165-169	28635.0
170-174	28395.0
175-179	28029.0
180-184	27438.0
185-189	27239.0
190-194	26866.0
195-199	25779.0
200-204	25094.0
205-209	24478.0
210-214	22986.0
215-219	22696.0
220-224	21449.0
225-229	20745.0
230-234	19514.0
235-239	18399.0
240-244	17006.0
245-249	36221.0
250-252	286505.0
>>END_MODULE
>>Sequence Duplication Levels	warn
#Total Deduplicated Percentage	68.72711780752235
#Duplication Level	Percentage of total
1	51.22248938350899
2	21.353531857747676
3	11.25376999814406
4	6.215637686012167
5	3.530646800030965
6	2.0863828875975923
7	1.3280551515051615
8	0.793745442578515
9	0.537238957799338
>10	1.550837504638606
>50	0.010074192061691302
>100	0.0
>500	0.0
>1k	0.11759013837525883
>5k	0.0
>10k+	0.0
>>END_MODULE
>>Overrepresented sequences	warn
#Sequence	Count	Percentage	Possible Source
NNNNNNNNNNNNNNNNNNNNNNNNNNNNNNNNNNN	1354	0.11773575193059678	No Hit
>>END_MODULE
>>Adapter Content	pass
#Position	Illumina Universal Adapter	Illumina Small RNA 3' Adapter	Illumina Small RNA 5' Adapter	Nextera Transposase Sequence	PolyA	PolyG
1	0.0	0.0	0.0	0.0	0.0	0.0
2	0.0	0.0	0.0	0.0	0.0	0.0
3	0.0	0.0	0.0	0.0	0.0	0.0
4	0.0	0.0	0.0	0.0	0.0	0.0
5	0.0	0.0	0.0	0.0	0.0	0.0
6	0.0	0.0	0.0	0.0	0.0	0.0
7	0.0	0.0	0.0	0.0	0.0	0.0
8	0.0	0.0	0.0	0.0	0.0	0.0
9	0.0	0.0	0.0	0.0	0.0	0.0
10-14	0.0	0.0	0.0	0.0	3.478161061465193E-5	0.0
15-19	0.0	0.0	0.0	0.0	8.695402653662982E-5	1.7390805307325964E-4
20-24	0.0	0.0	0.0	0.0	8.695402653662982E-5	1.7390805307325964E-4
25-29	0.0	0.0	0.0	0.0	8.695402653662982E-5	1.7390805307325964E-4
30-34	0.0	0.0	0.0	1.3912644245860773E-4	8.695402653662982E-5	3.1303449553186734E-4
35-39	0.0	0.0	0.0	4.69551743297801E-4	8.695402653662982E-5	3.478161061465193E-4
40-44	0.0	0.0	0.0	9.391034865956022E-4	8.695402653662982E-5	3.478161061465193E-4
45-49	0.0	0.0	0.0	0.001460827645815381	1.5651724776593367E-4	3.478161061465193E-4
50-54	0.0	0.0	0.0	0.002678184017328199	2.086896636879116E-4	3.478161061465193E-4
55-59	0.0	0.0	0.0	0.0037911955569970603	4.173793273758232E-4	3.478161061465193E-4
60-64	0.0	0.0	0.0	0.005078115149739181	5.21724159219779E-4	3.478161061465193E-4
65-69	0.0	0.0	0.0	0.006469379574325258	5.21724159219779E-4	3.478161061465193E-4
70-74	0.0	0.0	0.0	0.008051942857291921	5.21724159219779E-4	3.478161061465193E-4
75-79	0.0	0.0	0.0	0.009425816476570672	5.21724159219779E-4	3.478161061465193E-4
80-84	0.0	0.0	0.0	0.011321414255069202	5.21724159219779E-4	3.478161061465193E-4
85-89	0.0	0.0	0.0	0.013530046529099598	5.21724159219779E-4	3.478161061465193E-4
90-94	0.0	0.0	0.0	0.01671256390034025	5.21724159219779E-4	4.8694254860512707E-4
95-99	0.0	0.0	0.0	0.0189559777849853	5.21724159219779E-4	5.21724159219779E-4
100-104	0.0	0.0	0.0	0.021599380191698846	8.173678494443202E-4	5.21724159219779E-4
105-109	0.0	0.0	0.0	0.02417321937718309	9.564942919029279E-4	5.21724159219779E-4
110-114	0.0	0.0	0.0	0.0265905413149014	0.0010956207343615356	5.21724159219779E-4
115-119	0.0	0.0	0.0	0.02989479432329333	0.0013043103980494473	5.21724159219779E-4
120-124	0.0	0.0	0.0	0.03392946115459296	0.0019129885838058559	5.21724159219779E-4
125-129	0.0	0.0	0.0	0.038207599260195145	0.0023303679111816794	5.21724159219779E-4
130-134	0.0	0.0	0.0	0.0427987718613292	0.0030260001234747175	5.21724159219779E-4
135-139	0.0	0.0	0.0	0.0474942892943072	0.0038781495835336897	5.738965751417568E-4
140-144	0.0	0.0	0.0	0.05269414008119766	0.00460856340644138	6.086781857564087E-4
145-149	0.0	0.0	0.0	0.05858962308038117	0.00533897722934907	6.086781857564087E-4
150-154	0.0	0.0	0.0	0.06565029003515552	0.00620851749471537	6.260689910637347E-4
155-159	0.0	0.0	0.0	0.0726761753793152	0.007443264671535513	6.956322122930386E-4
160-164	0.0	0.0	0.0	0.0788325204581086	0.008382368158131114	6.956322122930386E-4
165-169	0.0	8.695402653662982E-5	0.0	0.08542363566958514	0.00935625325534137	6.956322122930386E-4
170-174	0.0	8.695402653662982E-5	0.0	0.0923625669872082	0.010799690095849423	6.956322122930386E-4
175-179	0.0	8.695402653662982E-5	0.0	0.10034494662327083	0.011999655662054914	6.956322122930386E-4
180-184	0.0	8.695402653662982E-5	0.0	0.11036205048029057	0.01326918444948971	6.956322122930386E-4
185-189	0.0	8.695402653662982E-5	0.0	0.11921397038171948	0.014764793705919743	6.956322122930386E-4
190-194	0.0	8.695402653662982E-5	0.0	0.12610072928342056	0.016538655847266992	6.956322122930386E-4
195-199	0.0	8.695402653662982E-5	0.0	0.13399615489294653	0.018277736377999586	6.956322122930386E-4
200-204	0.0	8.695402653662982E-5	0.0	0.1415785460069407	0.019547265165434383	6.956322122930386E-4
205-209	0.0	8.695402653662982E-5	0.0	0.14943919000585199	0.021408081333318264	6.956322122930386E-4
210-214	0.0	8.695402653662982E-5	0.0	0.1569346270933095	0.022903690589748293	6.956322122930386E-4
215-219	0.0	8.695402653662982E-5	0.0	0.16689955853440727	0.024973196421320086	6.956322122930386E-4
220-224	0.0	8.695402653662982E-5	0.0	0.1764992830640512	0.027703552854570258	6.956322122930386E-4
225-229	0.0	8.695402653662982E-5	0.0	0.18684681222191019	0.029233943721614947	6.956322122930386E-4
230-234	0.0	8.695402653662982E-5	0.0	0.19815083567167205	0.03140779438503069	6.956322122930386E-4
235-239	0.0	8.695402653662982E-5	0.0	0.21089829596194196	0.033512081827217134	6.956322122930386E-4
240	0.0	8.695402653662982E-5	0.0	0.21268954890859654	0.0346946565881153	6.956322122930386E-4
>>END_MODULE
