##FastQC	0.12.1
>>Basic Statistics	pass
#Measure	Value
Filename	ERR13347003_2.gz
File type	Conventional base calls
Encoding	Sanger / Illumina 1.9
Total Sequences	961785
Total Bases	176.4 Mbp
Sequences flagged as poor quality	0
Sequence length	35-251
%GC	33
>>END_MODULE
>>Per base sequence quality	pass
#Base	Mean	Median	Lower Quartile	Upper Quartile	10th Percentile	90th Percentile
1	33.348069474986616	34.0	34.0	34.0	34.0	34.0
2	33.40368377547997	34.0	34.0	34.0	34.0	34.0
3	33.49535499098031	34.0	34.0	34.0	34.0	34.0
4	33.510529900133605	34.0	34.0	34.0	34.0	34.0
5	33.536390149565655	34.0	34.0	34.0	34.0	34.0
6	37.27228434629361	38.0	38.0	38.0	37.0	38.0
7	37.280168644759485	38.0	38.0	38.0	37.0	38.0
8	37.16035600472039	38.0	38.0	38.0	37.0	38.0
9	37.25258659679658	38.0	38.0	38.0	37.0	38.0
10-14	37.077799924099466	38.0	38.0	38.0	36.4	38.0
15-19	37.037123057648024	38.0	38.0	38.0	36.2	38.0
20-24	37.193862661613565	38.0	38.0	38.0	37.0	38.0
25-29	37.14192901739994	38.0	38.0	38.0	36.8	38.0
30-34	37.08356108693731	38.0	38.0	38.0	36.4	38.0
35-39	37.01195144311761	38.0	38.0	38.0	35.8	38.0
40-44	36.981503014960595	38.0	38.0	38.0	36.0	38.0
45-49	37.12787427233147	38.0	38.0	38.0	36.2	38.0
50-54	37.152942491423914	38.0	38.0	38.0	36.4	38.0
55-59	37.04499095954831	38.0	38.0	38.0	36.0	38.0
60-64	37.04272871373142	38.0	38.0	38.0	36.0	38.0
65-69	36.946114555361454	38.0	38.0	38.0	35.8	38.0
70-74	36.894743200888314	38.0	37.8	38.0	35.8	38.0
75-79	36.86141050371779	38.0	37.6	38.0	35.4	38.0
80-84	36.745945339456384	38.0	37.4	38.0	35.0	38.0
85-89	36.80837944164236	38.0	38.0	38.0	35.4	38.0
90-94	36.788653065736824	38.0	37.6	38.0	35.2	38.0
95-99	36.76471328714369	38.0	37.4	38.0	35.4	38.0
100-104	36.65669679190196	38.0	37.2	38.0	34.6	38.0
105-109	36.44098993492132	38.0	37.0	38.0	33.8	38.0
110-114	36.328066426507256	38.0	37.0	38.0	33.4	38.0
115-119	36.34143215923917	38.0	37.0	38.0	33.4	38.0
120-124	36.394589973375346	38.0	37.0	38.0	34.0	38.0
125-129	36.40467114805689	38.0	37.0	38.0	34.0	38.0
130-134	36.25516664404498	38.0	37.0	38.0	33.6	38.0
135-139	36.193348679222524	38.0	37.0	38.0	33.4	38.0
140-144	36.18851987448359	38.0	37.0	38.0	33.2	38.0
145-149	36.017176887439845	38.0	37.0	38.0	32.4	38.0
150-154	35.80508166895479	38.0	36.4	38.0	31.0	38.0
155-159	35.704684751816494	38.0	36.4	38.0	30.2	38.0
160-164	35.50538642373677	38.0	36.2	38.0	29.6	38.0
165-169	35.51640178181485	38.0	36.4	38.0	29.6	38.0
170-174	35.178411729270024	38.0	35.6	38.0	28.0	38.0
175-179	35.22115705765117	38.0	35.6	38.0	28.2	38.0
180-184	35.51252820393042	38.0	36.0	38.0	29.4	38.0
185-189	35.16558536258957	38.0	35.6	38.0	28.0	38.0
190-194	34.705569499622804	37.4	35.0	38.0	26.8	38.0
195-199	34.18917177832056	37.0	34.8	38.0	24.4	38.0
200-204	34.03442152540286	37.0	34.4	37.8	24.4	38.0
205-209	34.446130513646025	37.0	35.0	38.0	25.0	38.0
210-214	34.04221064128211	37.0	34.4	37.4	24.2	37.8
215-219	33.638519270267686	37.0	33.8	37.0	23.8	37.8
220-224	33.35517998237202	37.0	33.0	37.0	22.6	37.6
225-229	32.755540302884036	36.8	31.6	37.0	21.4	37.4
230-234	32.09723368494736	36.2	30.6	37.0	20.0	37.2
235-239	31.68634632534605	35.8	29.2	37.0	19.8	37.0
240-244	31.039138753695216	35.0	28.0	37.0	18.6	37.0
245-249	30.629309845721217	34.4	27.6	37.0	17.4	37.0
250-251	26.5736199402957	28.5	20.0	34.5	13.0	36.5
>>END_MODULE
>>Per sequence quality scores	pass
#Quality	Count
2	744.0
3	0.0
4	0.0
5	0.0
6	0.0
7	0.0
8	0.0
9	0.0
10	0.0
11	0.0
12	2.0
13	36.0
14	80.0
15	195.0
16	349.0
17	460.0
18	545.0
19	667.0
20	784.0
21	993.0
22	1369.0
23	1734.0
24	2212.0
25	2863.0
26	3670.0
27	5038.0
28	6468.0
29	8520.0
30	11509.0
31	15740.0
32	21760.0
33	30929.0
34	45747.0
35	73341.0
36	152579.0
37	573451.0
>>END_MODULE
>>Per base sequence content	fail
#Base	G	A	T	C
1	32.9096261241716	29.68551809964403	16.60178910160961	20.803066674574758
2	11.35612320390077	23.54894328129601	47.20651876454803	17.88841475025519
3	13.354685179924687	32.85551813086018	36.37482688043486	17.41496980878027
4	9.298874865900622	21.68950128038242	49.491853105122466	19.519770748594492
5	8.904302730060424	40.83363769079571	41.30656236310418	8.95549721603969
6	19.22613083104675	48.638299510634816	22.6914356411433	9.444134017175125
7	18.26571394976905	37.39060040102347	30.867361538165383	13.47632411104209
8	17.911202539745965	42.76133900634832	25.301209833919675	14.026248619986037
9	20.218492239144844	20.338986578096044	29.79290165560054	29.64961952715857
10-14	18.509990728803455	28.58446205728996	34.76463543178699	18.1409117821196
15-19	16.623910946567317	34.63498435550616	32.19165467446238	16.54945002346414
20-24	16.69664457603786	33.07353172237188	33.62776406001409	16.602059641576165
25-29	16.896199017523706	33.10254193109347	33.21787519991343	16.783383851469395
30-34	16.825858626218864	33.12100108111933	33.26940265815922	16.783737634502586
35-39	16.834004420216345	33.08948542599262	33.24977555216251	16.826734601628523
40-44	16.90297527063259	33.05148817878672	33.170173757945385	16.875362792635308
45-49	16.936253906682293	33.03689831632834	33.16944674679911	16.857401030190257
50-54	16.82989079261286	33.01097651173948	33.169126841592565	16.99000585405509
55-59	16.874853535540414	32.85796977186207	33.17007995311436	17.09709673948316
60-64	16.891056004458065	33.06361317701524	33.088989862185734	16.956340956340956
65-69	16.830796235077795	32.97688621793798	33.201950397662394	16.990367149321834
70-74	16.833927317948703	32.930917674562245	33.184527774586655	17.050627232902393
75-79	16.891176513459328	33.04267858791353	33.09402646414328	16.972118434483864
80-84	16.791650536288934	32.931622629896786	33.242354648243705	17.034372185570575
85-89	16.92354955692321	32.90433236937538	33.07720997089988	17.094908102801522
90-94	16.94754198512643	32.96244179330821	33.09813943456324	16.991876787002123
95-99	16.85602008074813	33.02353195113535	33.07070447897885	17.04974348913768
100-104	16.950902124801562	32.84534226553914	33.091742734155574	17.112012875503723
105-109	16.922044878833383	32.880272401262694	33.14556132131845	17.052121398585466
110-114	16.83014376693052	32.92124327881387	33.12406107481237	17.12455187944325
115-119	16.823317324232455	32.858768741631664	33.17635138268989	17.141562551445993
120-124	16.886919777408625	32.945342172032646	33.13715107715114	17.030586973407587
125-129	16.90374982918468	32.9345628993689	33.06495975738721	17.09672751405921
130-134	16.862252399893414	32.849815615840335	33.14237273627197	17.145559247994278
135-139	16.9670477280036	32.90651048558996	33.0282281359299	17.09821365047654
140-144	16.828453214513047	32.908916453900375	33.12603789627966	17.136592435306913
145-149	16.89036226433407	32.767512678038486	33.08880086380511	17.253324193822337
150-154	16.918811093790325	32.89116724634327	33.094312771983105	17.0957088878833
155-159	16.870730986017453	32.78995534141886	33.14528922899429	17.1940244435694
160-164	16.890049610777236	32.73460923110017	33.07217090845535	17.303170249667243
165-169	16.95206875857757	32.822413868813086	33.053925521763766	17.171591850845576
170-174	16.82438488088795	32.84400014605882	33.099422308459594	17.232192664593644
175-179	16.919915321036864	32.7190730356057	33.020629236763284	17.34038240659415
180-184	16.972029152330165	32.87518890661611	32.9071134913139	17.245668449739828
185-189	16.86155298567946	32.75952388470697	33.097235075651035	17.28168805396254
190-194	16.885966018903055	32.74368510379188	32.971352734282355	17.398996143022707
195-199	16.956541116061054	32.6822045080771	33.04944483574024	17.311809540121605
200-204	16.871257811166746	32.71748720983853	33.06660687636843	17.344648102626294
205-209	16.917904700733178	32.70664121982609	32.91767645257083	17.457777626869902
210-214	16.938780212889363	32.73971870677876	32.992212883478594	17.329288196853284
215-219	16.824797335351697	32.70386878594893	33.03552269767608	17.4358111810233
220-224	16.8924584741718	32.66631387524427	32.948176211369734	17.493051439214195
225-229	16.91497628996253	32.60680524306641	33.01149397452437	17.46672449244669
230-234	16.790050899211785	32.58635800503447	33.07951379618476	17.54407729956899
235-239	16.862905265257517	32.694890039501004	32.90978881742746	17.532415877814017
240-244	16.784008689535877	32.640562304699664	32.984358712128916	17.591070293635543
245-249	16.888399233917717	32.7072297414152	32.915916704565106	17.488454320101972
250-251	18.00375225892503	37.268094875809425	37.44880887817423	7.279343987091309
>>END_MODULE
>>Per sequence GC content	pass
#GC Content	Count
0	744.0
1	372.0
2	0.0
3	0.0
4	0.0
5	0.0
6	0.5
7	1.0
8	1.0
9	3.0
10	9.833333333333334
11	14.5
12	22.0
13	41.0
14	83.0
15	168.33333333333331
16	300.0
17	479.4999999999998
18	765.8333333333339
19	1288.9999999999995
20	2151.166666666654
21	3410.833333333379
22	5085.333333333304
23	7296.333333332983
24	10234.666666666762
25	14046.000000001524
26	18707.000000000855
27	24585.33333332917
28	30978.4999999896
29	37898.166666663616
30	44482.83333334454
31	50305.166666692
32	55270.50000003929
33	58624.83333338242
34	59476.50000005118
35	58256.833333380775
36	54977.83333337144
37	49721.500000024134
38	42838.66666667419
39	35795.99999999276
40	28856.83333332468
41	22484.666666664332
42	17425.16666666816
43	12884.833333334263
44	9263.333333333236
45	6716.833333333122
46	4818.000000000016
47	3533.500000000078
48	2830.5000000000314
49	2244.833333333313
50	1816.3333333332992
51	1563.9999999999754
52	1163.1666666666708
53	838.1666666666766
54	683.1666666666702
55	532.6666666666644
56	396.6666666666655
57	319.33333333333314
58	257.00000000000074
59	172.83333333333343
60	126.8333333333332
61	75.6666666666667
62	35.83333333333333
63	18.666666666666668
64	10.500000000000002
65	12.833333333333336
66	10.666666666666668
67	5.999999999999999
68	4.5
69	9.166666666666664
70	6.666666666666666
71	3.666666666666667
72	3.666666666666667
73	1.8333333333333333
74	2.5
75	2.6666666666666665
76	0.6666666666666666
77	2.333333333333333
78	1.6666666666666665
79	1.3333333333333333
80	1.0
81	1.0
82	1.9999999999999998
83	1.3333333333333333
84	1.3333333333333333
85	0.6666666666666666
86	0.3333333333333333
87	1.0
88	1.0
89	0.6666666666666666
90	0.6666666666666666
91	0.0
92	1.3333333333333333
93	0.3333333333333333
94	0.6666666666666666
95	0.6666666666666666
96	1.3333333333333333
97	0.0
98	0.3333333333333333
99	1.0
100	3.0
>>END_MODULE
>>Per base N content	pass
#Base	N-Count
1	0.0773561658790686
2	0.0773561658790686
3	0.0773561658790686
4	0.0773561658790686
5	0.0773561658790686
6	0.0773561658790686
7	0.0773561658790686
8	0.0773561658790686
9	0.0773561658790686
10-14	0.0773561658790686
15-19	0.0773561658790686
20-24	0.0773561658790686
25-29	0.0773561658790686
30-34	0.0773561658790686
35-39	0.015495435303016985
40-44	0.0
45-49	0.0
50-54	0.0
55-59	0.0
60-64	0.0
65-69	0.0
70-74	0.0
75-79	0.0
80-84	0.0
85-89	0.0
90-94	0.0
95-99	0.0
100-104	0.0
105-109	0.0
110-114	0.0
115-119	0.0
120-124	0.0
125-129	0.0
130-134	0.0
135-139	0.0
140-144	0.0
145-149	0.0
150-154	0.0
155-159	0.0
160-164	0.0
165-169	0.0
170-174	0.0
175-179	0.0
180-184	0.0
185-189	0.0
190-194	0.0
195-199	0.0
200-204	0.0
205-209	0.0
210-214	0.0
215-219	0.0
220-224	0.0
225-229	0.0
230-234	0.0
235-239	0.0
240-244	0.0
245-249	0.0
250-251	0.0
>>END_MODULE
>>Sequence Length Distribution	warn
#Length	Count
35-39	3495.0
40-44	3874.0
45-49	5294.0
50-54	6005.0
55-59	6815.0
60-64	7925.0
65-69	8789.0
70-74	9844.0
75-79	10698.0
80-84	12006.0
85-89	12617.0
90-94	14217.0
95-99	15143.0
100-104	16589.0
105-109	17349.0
110-114	18795.0
115-119	19117.0
120-124	20224.0
125-129	20208.0
130-134	21404.0
135-139	21522.0
140-144	21743.0
145-149	21622.0
150-154	21842.0
155-159	21160.0
160-164	21144.0
165-169	21014.0
170-174	20360.0
175-179	20085.0
180-184	19222.0
185-189	18855.0
190-194	18088.0
195-199	17358.0
200-204	16658.0
205-209	16450.0
210-214	15745.0
215-219	15086.0
220-224	14476.0
225-229	13740.0
230-234	13277.0
235-239	12601.0
240-244	11816.0
245-249	30837.0
250-252	286676.0
>>END_MODULE
>>Sequence Duplication Levels	pass
#Total Deduplicated Percentage	71.85354344539896
#Duplication Level	Percentage of total
1	54.842642266936195
2	22.02145631816142
3	10.56530174379415
4	5.387359762716297
5	2.767525336862619
6	1.5606046742200956
7	0.9249303914640947
8	0.592565961937929
9	0.3752636725173343
>10	0.8850687374212548
>50	0.0
>100	0.0
>500	0.07728113396864718
>1k	0.0
>5k	0.0
>10k+	0.0
>>END_MODULE
>>Overrepresented sequences	pass
>>END_MODULE
>>Adapter Content	pass
#Position	Illumina Universal Adapter	Illumina Small RNA 3' Adapter	Illumina Small RNA 5' Adapter	Nextera Transposase Sequence	PolyA	PolyG
1	0.0	0.0	0.0	0.0	0.0	0.0
2	0.0	0.0	0.0	0.0	0.0	0.0
3	0.0	0.0	0.0	0.0	0.0	0.0
4	0.0	0.0	0.0	0.0	0.0	0.0
5	0.0	0.0	0.0	0.0	0.0	0.0
6	0.0	0.0	0.0	0.0	0.0	0.0
7	0.0	0.0	0.0	1.0397334123530727E-4	0.0	0.0
8	0.0	0.0	0.0	1.0397334123530727E-4	0.0	0.0
9	0.0	0.0	0.0	1.0397334123530727E-4	0.0	0.0
10-14	0.0	0.0	0.0	1.0397334123530727E-4	0.0	0.0
15-19	0.0	0.0	0.0	1.0397334123530727E-4	1.0397334123530727E-4	4.7827736968241347E-4
20-24	0.0	0.0	0.0	1.0397334123530727E-4	2.0794668247061453E-4	5.198667061765363E-4
25-29	0.0	0.0	0.0	1.0397334123530727E-4	2.703306872117989E-4	5.198667061765363E-4
30-34	0.0	0.0	0.0	1.6635734597649163E-4	3.119200237059218E-4	5.198667061765363E-4
35-39	0.0	0.0	0.0	3.950986966941676E-4	3.119200237059218E-4	5.198667061765363E-4
40-44	0.0	0.0	0.0	7.278133886471509E-4	4.1589336494122906E-4	5.198667061765363E-4
45-49	0.0	0.0	0.0	0.0013932427725531174	4.1589336494122906E-4	5.198667061765363E-4
50-54	0.0	0.0	0.0	0.0022250295024355757	4.990720379294749E-4	5.198667061765363E-4
55-59	0.0	0.0	0.0	0.003493504265506324	6.238400474118436E-4	5.198667061765363E-4
60-64	0.0	0.0	0.0	0.00486595236981238	6.238400474118436E-4	5.198667061765363E-4
65-69	0.0	0.0	0.0	0.006404757820094928	6.238400474118436E-4	5.198667061765363E-4
70-74	0.0	0.0	0.0	0.008130715284601029	6.654293839059665E-4	5.198667061765363E-4
75-79	0.0	0.0	0.0	0.010376539455283666	7.278133886471508E-4	5.198667061765363E-4
80-84	0.0	0.0	0.0	0.012248059597519196	7.901973933883352E-4	5.198667061765363E-4
85-89	0.0	0.0	0.0	0.01374527571130762	8.317867298824581E-4	5.198667061765363E-4
90-94	0.0	0.0	0.0	0.01613666255971969	8.317867298824581E-4	6.030453791647822E-4
95-99	0.0	0.0	0.0	0.01817454004793171	8.317867298824581E-4	6.238400474118436E-4
100-104	0.0	0.0	0.0	0.02077387357881439	8.317867298824581E-4	6.238400474118436E-4
105-109	0.0	0.0	0.0	0.024641681872767822	9.981440758589498E-4	6.238400474118436E-4
110-114	0.0	0.0	0.0	0.028176775474768267	0.0014972161137884246	6.238400474118436E-4
115-119	0.0	0.0	0.0	0.031940610427486395	0.002204234834188514	6.238400474118436E-4
120-124	0.0	0.0	0.0	0.03574603471669864	0.0027448962086121117	6.238400474118436E-4
125-129	0.0	0.0	0.0	0.0389484136267461	0.0035974776067416317	6.238400474118436E-4
130-134	0.0	0.0	0.0	0.04325290995388782	0.004699595023835889	6.238400474118436E-4
135-139	0.0	0.0	0.0	0.048056478318959026	0.006217605805871374	6.238400474118436E-4
140-144	0.0	0.0	0.0	0.05323435071247732	0.007652437914918614	6.238400474118436E-4
145-149	0.0	0.0	0.0	0.057975535072807324	0.009773494076118883	6.238400474118436E-4
150-154	0.0	0.0	0.0	0.06307022879333739	0.011166736848672	7.070187204000894E-4
155-159	0.0	0.0	0.0	0.06939180794044407	0.01218567559277801	7.278133886471508E-4
160-164	0.0	0.0	0.0	0.07511034170838596	0.013287793009872267	7.278133886471508E-4
165-169	0.0	0.0	0.0	0.08022583009716308	0.014805803791907754	7.278133886471508E-4
170-174	0.0	0.0	0.0	0.08496701445749309	0.01698924395784921	7.694027251412737E-4
175-179	0.0	0.0	0.0	0.09070634289368207	0.01960937215697895	8.317867298824581E-4
180-184	0.0	0.0	0.0	0.09717348471851817	0.022104732346626327	8.525813981295196E-4
185-189	0.0	0.0	0.0	0.10486751196993091	0.02401784182535598	9.357600711177654E-4
190-194	0.0	0.0	0.0	0.11010776836819039	0.02576459395810914	9.357600711177654E-4
195-199	0.0	0.0	0.0	0.11472418471903804	0.027906444787556474	9.357600711177654E-4
200-204	0.0	0.0	0.0	0.11986046777606221	0.029965116944015553	0.0010189387441060112
205-209	0.0	0.0	0.0	0.1242897321126863	0.03200299443222757	0.0010397334123530726
210-214	0.0	0.0	0.0	0.13029939123608705	0.034810274645580876	0.0010397334123530726
215-219	0.0	0.0	0.0	0.13734878377184093	0.03797106421913422	0.0010397334123530726
220-224	0.0	0.0	0.0	0.14402387227914765	0.04025847772631097	0.0010397334123530726
225-229	0.0	0.0	0.0	0.15013750474378368	0.04302416860317015	0.0010397334123530726
230-234	0.0	0.0	0.0	0.15845537204260826	0.04554032346106458	0.0010397334123530726
235-239	0.0	0.0	0.0	0.1652552285593974	0.048368398342664945	0.0010397334123530726
240	0.0	0.0	0.0	0.16583747927031509	0.05063501718159464	0.0010397334123530726
>>END_MODULE
