##FastQC	0.12.1
>>Basic Statistics	pass
#Measure	Value
Filename	ERR13346991_2.gz
File type	Conventional base calls
Encoding	Sanger / Illumina 1.9
Total Sequences	784098
Total Bases	151.9 Mbp
Sequences flagged as poor quality	0
Sequence length	35-251
%GC	33
>>END_MODULE
>>Per base sequence quality	pass
#Base	Mean	Median	Lower Quartile	Upper Quartile	10th Percentile	90th Percentile
1	33.22716038046265	34.0	34.0	34.0	34.0	34.0
2	33.30993574782744	34.0	34.0	34.0	34.0	34.0
3	33.39972809521259	34.0	34.0	34.0	34.0	34.0
4	33.41596586141018	34.0	34.0	34.0	34.0	34.0
5	33.39129037441749	34.0	34.0	34.0	34.0	34.0
6	37.09655425724846	38.0	38.0	38.0	36.0	38.0
7	37.068399613313645	38.0	38.0	38.0	36.0	38.0
8	36.99161201788552	38.0	38.0	38.0	36.0	38.0
9	37.096731531007606	38.0	38.0	38.0	36.0	38.0
10-14	36.89483406410933	38.0	38.0	38.0	35.6	38.0
15-19	36.8674693724509	38.0	38.0	38.0	35.6	38.0
20-24	37.04555476483806	38.0	38.0	38.0	36.0	38.0
25-29	36.9837474397333	38.0	38.0	38.0	35.8	38.0
30-34	36.92246836492377	38.0	38.0	38.0	35.8	38.0
35-39	36.85141963883639	38.0	38.0	38.0	35.4	38.0
40-44	36.81108325602065	38.0	37.8	38.0	35.0	38.0
45-49	36.96861079167595	38.0	38.0	38.0	35.8	38.0
50-54	37.00088232580204	38.0	38.0	38.0	36.0	38.0
55-59	36.88520540188229	38.0	38.0	38.0	35.6	38.0
60-64	36.87840193121821	38.0	38.0	38.0	35.8	38.0
65-69	36.7801427975963	38.0	37.8	38.0	35.2	38.0
70-74	36.7254202709812	38.0	37.4	38.0	35.0	38.0
75-79	36.690635078639005	38.0	37.2	38.0	34.6	38.0
80-84	36.556261975104775	38.0	37.0	38.0	34.0	38.0
85-89	36.62918809528595	38.0	37.0	38.0	34.4	38.0
90-94	36.610486433014145	38.0	37.0	38.0	34.2	38.0
95-99	36.58215992521127	38.0	37.0	38.0	34.4	38.0
100-104	36.46627526705285	38.0	37.0	38.0	33.8	38.0
105-109	36.24491495266203	38.0	37.0	38.0	33.4	38.0
110-114	36.14320566811359	38.0	37.0	38.0	32.8	38.0
115-119	36.14660915456834	38.0	37.0	38.0	33.0	38.0
120-124	36.19301433062458	38.0	37.0	38.0	33.0	38.0
125-129	36.21368217723746	38.0	37.0	38.0	33.2	38.0
130-134	36.06923252491042	38.0	37.0	38.0	32.4	38.0
135-139	36.00228141723325	38.0	37.0	38.0	32.0	38.0
140-144	35.99271956364398	38.0	37.0	38.0	32.0	38.0
145-149	35.825933468427806	38.0	37.0	38.0	31.2	38.0
150-154	35.59817915165674	38.0	36.4	38.0	30.0	38.0
155-159	35.50229856756029	38.0	36.4	38.0	29.6	38.0
160-164	35.298829147931706	38.0	35.8	38.0	28.6	38.0
165-169	35.32082195394022	38.0	35.8	38.0	28.6	38.0
170-174	34.962946971335704	38.0	35.4	38.0	27.2	38.0
175-179	35.0235859334537	38.0	35.6	38.0	27.2	38.0
180-184	35.31133232037239	38.0	36.0	38.0	28.0	38.0
185-189	34.968098462182944	37.8	35.2	38.0	27.6	38.0
190-194	34.50967121643142	37.2	34.8	38.0	25.8	38.0
195-199	33.995502861896476	37.0	34.4	38.0	23.6	38.0
200-204	33.84828465360309	37.0	34.2	37.8	23.4	38.0
205-209	34.248605036875645	37.0	35.0	38.0	24.0	38.0
210-214	33.85523474810505	37.0	34.2	37.2	23.4	37.8
215-219	33.438324683253924	37.0	33.4	37.0	22.8	37.8
220-224	33.18019186930802	37.0	32.6	37.0	22.2	37.6
225-229	32.56430330765388	36.6	31.4	37.0	21.2	37.4
230-234	31.901048919084246	36.0	29.8	37.0	20.0	37.2
235-239	31.51538122495078	35.6	28.8	37.0	19.6	37.0
240-244	30.860179283490947	34.6	27.2	37.0	17.6	37.0
245-249	30.43731696689024	34.0	26.8	37.0	16.8	37.0
250-251	26.461834755369004	28.0	20.0	34.5	12.5	36.5
>>END_MODULE
>>Per sequence quality scores	pass
#Quality	Count
2	533.0
3	0.0
4	0.0
5	0.0
6	0.0
7	0.0
8	0.0
9	0.0
10	0.0
11	0.0
12	8.0
13	33.0
14	120.0
15	250.0
16	345.0
17	456.0
18	608.0
19	704.0
20	827.0
21	1107.0
22	1386.0
23	1828.0
24	2460.0
25	3122.0
26	4036.0
27	5268.0
28	6963.0
29	9166.0
30	11777.0
31	15476.0
32	21149.0
33	28782.0
34	40950.0
35	64021.0
36	129732.0
37	432991.0
>>END_MODULE
>>Per base sequence content	fail
#Base	G	A	T	C
1	32.96841997792143	29.43469909962798	16.966684321019954	20.630196601430644
2	11.494260208151207	23.31114840504617	46.999291698838	18.19529968796462
3	13.532125605406062	32.70615711523613	36.11672292662383	17.644994352733978
4	9.360167950329583	21.597952945830915	49.48625831934811	19.555620784491396
5	8.805778716507245	40.83847542960699	41.35981060920281	8.995935244682956
6	19.31428790208853	48.57924996649927	22.53201712684972	9.574445004562481
7	18.43420775557867	37.073376171727936	30.777025517985106	13.715390554708287
8	18.205764678105837	42.526784631779115	25.103724643137454	14.163726046977596
9	20.153911928174434	20.475008454946302	29.77889517780912	29.592184439070145
10-14	18.51989305290563	28.617944905655563	34.65558058361463	18.206581457824175
15-19	16.580883525935945	34.698435994461214	32.17856846592178	16.54211201368106
20-24	16.600715958471856	33.09563341905266	33.70298571273602	16.60066490973946
25-29	16.863055394255742	33.10209108370078	33.2455124973678	16.78934102467568
30-34	16.803685718479002	33.14816256468831	33.26044425159368	16.787707465239006
35-39	16.78411134097407	33.0734454300539	33.303668835904325	16.838774393067705
40-44	16.825053979082575	33.01947038124384	33.2692765330021	16.88619910667148
45-49	16.8976491304739	33.07227413529389	33.17155306487063	16.858523669361578
50-54	16.824635004833553	33.02219922497914	33.21476670880533	16.938399061381983
55-59	16.883496944070707	32.84837308540672	33.19031338646985	17.077816584052712
60-64	16.93678889397394	33.03753653538368	33.09900938948272	16.926665181159667
65-69	16.813107440399065	32.96480931717772	33.21864874352372	17.003434498899495
70-74	16.83816215652967	32.87667320171725	33.26631666723528	17.018847974517797
75-79	16.93927429466792	32.97840885731951	33.113741754651265	16.968575093361302
80-84	16.806349918584235	32.89371779114038	33.270411980182594	17.02952031009278
85-89	16.91507240533731	32.922218666237775	33.1478485962042	17.014860332220717
90-94	16.96538841885507	32.95552686517965	33.11897044280848	16.960114273156794
95-99	16.82778361565064	33.07070784030805	33.13950174195391	16.962006802087398
100-104	16.87139231288219	32.843205500283794	33.200190737829615	17.085211449004404
105-109	16.86891208408148	32.901647674613784	33.143055354191844	17.086384887112885
110-114	16.847335901232732	32.91918788050667	33.15862086600354	17.074855352257064
115-119	16.81986834974157	32.82856461125387	33.21654347554199	17.135023563462575
120-124	16.884590178753022	32.91833706206263	33.16116396616272	17.035908793021626
125-129	16.87160315009854	32.95860434809094	33.08037255286826	17.08941994894227
130-134	16.857350502583284	32.78148704774502	33.20090657765677	17.160255872014936
135-139	16.970831890895333	32.864013654185214	33.067731521362845	17.097422933556608
140-144	16.857800815872597	32.888766199073174	33.09511183081309	17.15832115424113
145-149	16.90064335252687	32.73824439664804	33.09964487266042	17.261467378164667
150-154	16.92395297997805	32.873555367292084	33.11520016894924	17.08729148378063
155-159	16.865352109442487	32.7652694593594	33.20836573809681	17.161012693101302
160-164	16.83520923883614	32.74273512455788	33.1197889888148	17.302266647791182
165-169	16.906188865220294	32.819999763610596	33.085060914117825	17.188750457051285
170-174	16.832886685918165	32.76206026748459	33.22241939090099	17.18263365569625
175-179	16.87579247943873	32.75131786866072	33.05678451836154	17.31610513353901
180-184	16.967988218017105	32.85710984261977	32.90967496601755	17.265226973345573
185-189	16.8509023295275	32.75716315472188	33.10230892567566	17.289625590074962
190-194	16.895617366498886	32.70009541735877	33.00451366374779	17.399773552394564
195-199	16.97030745462611	32.71439922506781	33.07086430913129	17.244429011174795
200-204	16.834932594804748	32.73571330436103	33.09442030085881	17.334933799975413
205-209	16.885707738552576	32.713028987308846	33.02066000382417	17.380603270314406
210-214	16.896079110830676	32.735312828098415	33.050339024251485	17.31826903681943
215-219	16.851172533263583	32.73547143598341	33.04018215108077	17.37317387967223
220-224	16.85145984387588	32.66122176848071	33.01997388671278	17.467344500930633
225-229	16.8765806879868	32.685677045402336	33.06489823435029	17.37284403226057
230-234	16.781829535891152	32.63112314066888	33.07463687164166	17.5124104517983
235-239	16.860523657883437	32.645871491624995	32.97277930325147	17.520825547240094
240-244	16.81496490200409	32.61280812775478	33.07598003911514	17.496246931125985
245-249	16.82041557023878	32.662296227092874	33.036990704681926	17.480297497986424
250-251	17.91972047718764	37.36456152040104	37.61580684053556	7.099911161875753
>>END_MODULE
>>Per sequence GC content	pass
#GC Content	Count
0	533.0
1	266.5
2	0.0
3	0.0
4	0.0
5	0.0
6	0.0
7	0.0
8	0.0
9	2.0
10	4.5
11	7.0
12	15.333333333333334
13	35.83333333333333
14	65.16666666666667
15	113.5
16	192.83333333333343
17	310.99999999999994
18	537.4999999999995
19	884.1666666666682
20	1475.166666666662
21	2398.166666666664
22	3690.83333333344
23	5394.8333333332375
24	7607.999999999433
25	10481.333333333623
26	14235.500000002181
27	18862.166666667556
28	23960.333333328395
29	29394.499999987613
30	34568.49999998709
31	39270.66666666634
32	42886.16666667697
33	45346.16666668453
34	46138.1666666872
35	44974.83333335022
36	42103.3333333418
37	37796.33333332892
38	32798.333333315415
39	27530.33333332311
40	22251.999999996817
41	17286.000000002507
42	12933.666666668087
43	9375.666666666488
44	6812.99999999969
45	4903.000000000014
46	3476.500000000075
47	2639.666666666683
48	2145.8333333333035
49	1722.8333333333026
50	1433.6666666666526
51	1255.6666666666652
52	990.0000000000157
53	767.0000000000066
54	566.3333333333309
55	415.33333333333155
56	305.1666666666667
57	248.33333333333385
58	216.66666666666714
59	131.49999999999983
60	82.5
61	46.666666666666686
62	21.66666666666666
63	13.16666666666667
64	6.166666666666665
65	4.833333333333333
66	2.333333333333333
67	2.333333333333333
68	3.0
69	2.8333333333333335
70	3.8333333333333335
71	3.1666666666666665
72	2.333333333333333
73	1.4999999999999998
74	0.6666666666666666
75	1.3333333333333333
76	0.3333333333333333
77	1.0
78	0.6666666666666666
79	1.0
80	1.0
81	0.6666666666666666
82	0.6666666666666666
83	1.3333333333333333
84	1.9999999999999998
85	1.0
86	0.6666666666666666
87	0.0
88	1.0
89	0.6666666666666666
90	0.3333333333333333
91	0.6666666666666666
92	1.0
93	1.0
94	0.6666666666666666
95	0.6666666666666666
96	1.0
97	0.0
98	0.0
99	0.0
100	2.5
>>END_MODULE
>>Per base N content	pass
#Base	N-Count
1	0.0679761968529444
2	0.0679761968529444
3	0.0679761968529444
4	0.0679761968529444
5	0.0679761968529444
6	0.0679761968529444
7	0.0679761968529444
8	0.0679761968529444
9	0.0679761968529444
10-14	0.0679761968529444
15-19	0.0679761968529444
20-24	0.0679761968529444
25-29	0.0679761968529444
30-34	0.0679761968529444
35-39	0.013612822717119414
40-44	0.0
45-49	0.0
50-54	0.0
55-59	0.0
60-64	0.0
65-69	0.0
70-74	0.0
75-79	0.0
80-84	0.0
85-89	0.0
90-94	0.0
95-99	0.0
100-104	0.0
105-109	0.0
110-114	0.0
115-119	0.0
120-124	0.0
125-129	0.0
130-134	0.0
135-139	0.0
140-144	0.0
145-149	0.0
150-154	0.0
155-159	0.0
160-164	0.0
165-169	0.0
170-174	0.0
175-179	0.0
180-184	0.0
185-189	0.0
190-194	0.0
195-199	0.0
200-204	0.0
205-209	0.0
210-214	0.0
215-219	0.0
220-224	0.0
225-229	0.0
230-234	0.0
235-239	0.0
240-244	0.0
245-249	0.0
250-251	0.0
>>END_MODULE
>>Sequence Length Distribution	warn
#Length	Count
35-39	2350.0
40-44	2488.0
45-49	3217.0
50-54	3581.0
55-59	4098.0
60-64	4626.0
65-69	5212.0
70-74	5922.0
75-79	6284.0
80-84	7177.0
85-89	7697.0
90-94	8576.0
95-99	9216.0
100-104	10129.0
105-109	10503.0
110-114	11799.0
115-119	12132.0
120-124	13434.0
125-129	13958.0
130-134	14604.0
135-139	15143.0
140-144	15771.0
145-149	15846.0
150-154	16233.0
155-159	16498.0
160-164	16422.0
165-169	16566.0
170-174	16272.0
175-179	15987.0
180-184	15955.0
185-189	15550.0
190-194	15202.0
195-199	14945.0
200-204	14388.0
205-209	14076.0
210-214	13737.0
215-219	13321.0
220-224	12815.0
225-229	12258.0
230-234	11785.0
235-239	11430.0
240-244	10795.0
245-249	29268.0
250-252	276832.0
>>END_MODULE
>>Sequence Duplication Levels	pass
#Total Deduplicated Percentage	75.4950246246333
#Duplication Level	Percentage of total
1	59.84866727359217
2	21.347921068052663
3	9.17494227038774
4	4.256263346714977
5	2.1699464954881673
6	1.1202435436753015
7	0.724596382715609
8	0.3680910874134515
9	0.23526065393897716
>10	0.6860416774020734
>50	0.0
>100	0.0
>500	0.06802620061885334
>1k	0.0
>5k	0.0
>10k+	0.0
>>END_MODULE
>>Overrepresented sequences	pass
>>END_MODULE
>>Adapter Content	pass
#Position	Illumina Universal Adapter	Illumina Small RNA 3' Adapter	Illumina Small RNA 5' Adapter	Nextera Transposase Sequence	PolyA	PolyG
1	0.0	0.0	0.0	0.0	0.0	0.0
2	0.0	0.0	0.0	0.0	0.0	0.0
3	0.0	0.0	0.0	0.0	0.0	0.0
4	0.0	0.0	0.0	0.0	0.0	0.0
5	0.0	0.0	0.0	0.0	0.0	0.0
6	0.0	0.0	0.0	0.0	0.0	0.0
7	0.0	0.0	0.0	0.0	0.0	0.0
8	0.0	0.0	0.0	0.0	0.0	0.0
9	0.0	0.0	0.0	0.0	0.0	0.0
10-14	0.0	0.0	0.0	0.0	0.0	7.652104711400871E-5
15-19	0.0	0.0	0.0	0.0	0.0	1.7854910993268696E-4
20-24	0.0	0.0	0.0	0.0	0.0	5.101403140933913E-4
25-29	0.0	0.0	0.0	0.0	0.0	5.101403140933913E-4
30-34	0.0	0.0	0.0	1.0202806281867827E-4	0.0	5.101403140933913E-4
35-39	0.0	0.0	0.0	3.315912041607044E-4	0.0	5.101403140933913E-4
40-44	0.0	0.0	0.0	0.0010202806281867827	0.0	5.101403140933913E-4
45-49	0.0	0.0	0.0	0.0013773788480521568	0.0	5.101403140933913E-4
50-54	0.0	0.0	0.0	0.002015054240668896	0.0	5.101403140933913E-4
55-59	0.0	0.0	0.0	0.0027802647118089835	0.0	6.376753926167392E-4
60-64	0.0	0.0	0.0	0.003392433088721053	0.0	6.376753926167392E-4
65-69	0.0	0.0	0.0	0.004183150575565809	2.5507015704669568E-5	6.376753926167392E-4
70-74	0.0	0.0	0.0	0.005432994345094618	1.2753507852334784E-4	6.376753926167392E-4
75-79	0.0	0.0	0.0	0.006963415287374793	2.295631413420261E-4	7.652104711400871E-4
80-84	0.0	0.0	0.0	0.008289780104017609	2.5507015704669567E-4	8.417315182540957E-4
85-89	0.0	0.0	0.0	0.01068743958025655	2.5507015704669567E-4	8.927455496634349E-4
90-94	0.0	0.0	0.0	0.013034085025086151	3.57098219865374E-4	9.947736124821132E-4
95-99	0.0	0.0	0.0	0.014998125234345705	3.8260523557004356E-4	0.0010202806281867827
100-104	0.0	0.0	0.0	0.017727375914745352	5.101403140933913E-4	0.0010202806281867827
105-109	0.0	0.0	0.0	0.020660682720782354	5.611543455027305E-4	0.0010968016753007913
110-114	0.0	0.0	0.0	0.024410214029368778	0.0015814349736895134	0.0011478157067101307
115-119	0.0	0.0	0.0	0.027088450678359084	0.002168096334896913	0.0011478157067101307
120-124	0.0	0.0	0.0	0.029664659264530706	0.0029333068060370007	0.0011478157067101307
125-129	0.0	0.0	0.0	0.03351621863593581	0.003468954135835061	0.0011478157067101307
130-134	0.0	0.0	0.0	0.037622848164387615	0.004081122512747131	0.0012753507852334782
135-139	0.0	0.0	0.0	0.04088774617458532	0.004361699685498497	0.0014028858637568262
140-144	0.0	0.0	0.0	0.04407612313766902	0.005101403140933914	0.0014028858637568262
145-149	0.0	0.0	0.0	0.049254047325716935	0.006402260941872062	0.0014028858637568262
150-154	0.0	0.0	0.0	0.05399835224678547	0.007856160837038228	0.0014028858637568262
155-159	0.0	0.0	0.0	0.060349599157248204	0.009335567747909062	0.0014028858637568262
160-164	0.0	0.0	0.0	0.06603766365938951	0.010712946595961219	0.0014028858637568262
165-169	0.0	0.0	0.0	0.07045037737629735	0.011962790365490028	0.0014028858637568262
170-174	0.0	0.0	0.0	0.07657206114541805	0.013646253401998218	0.0014028858637568262
175-179	0.0	0.0	0.0	0.08277026596165275	0.014921604187231699	0.0014028858637568262
180-184	0.0	0.0	0.0	0.0897591882647322	0.016222461988169845	0.0015049139265755046
185-189	0.0	0.0	0.0	0.09473305632714277	0.01762534785192667	0.0015304209422801742
190-194	0.0	0.0	0.0	0.10042112082928409	0.01915576879420685	0.0016324490050988526
195-199	0.0	0.0	0.0	0.10616019936283476	0.021400386176217766	0.001657956020803522
200-204	0.0	0.0	0.0	0.11279202344604884	0.023823552668161378	0.001657956020803522
205-209	0.0	0.0	0.0	0.11899022826228353	0.025991649003058292	0.001657956020803522
210-214	0.0	0.0	0.0	0.12511191203140423	0.027853661149499172	0.001657956020803522
215-219	0.0	0.0	0.0	0.13409038155944794	0.029817701358758726	0.001657956020803522
220-224	0.0	0.0	0.0	0.14324740019742432	0.03208782575647432	0.0017854910993268698
225-229	0.0	0.0	0.0	0.15232789778828665	0.03525069570385334	0.0017854910993268698
230-234	0.0	0.0	0.0	0.16191853569324244	0.03790342533713899	0.0017854910993268698
235-239	0.0	0.0	0.0	0.17110106134692346	0.03991847957780788	0.0017854910993268698
240	0.0	0.0	0.0	0.17204482092799625	0.040938760205994656	0.0017854910993268698
>>END_MODULE
