##FastQC	0.12.1
>>Basic Statistics	pass
#Measure	Value
Filename	ERR13346991_1.gz
File type	Conventional base calls
Encoding	Sanger / Illumina 1.9
Total Sequences	784098
Total Bases	152.1 Mbp
Sequences flagged as poor quality	0
Sequence length	35-251
%GC	33
>>END_MODULE
>>Per base sequence quality	pass
#Base	Mean	Median	Lower Quartile	Upper Quartile	10th Percentile	90th Percentile
1	33.62452269996863	34.0	34.0	34.0	34.0	34.0
2	33.60404949381327	34.0	34.0	34.0	34.0	34.0
3	33.64085866817668	34.0	34.0	34.0	34.0	34.0
4	33.66870977862461	34.0	34.0	34.0	34.0	34.0
5	33.66516047738931	34.0	34.0	34.0	34.0	34.0
6	37.47516254345758	38.0	38.0	38.0	37.0	38.0
7	37.43299689579619	38.0	38.0	38.0	37.0	38.0
8	37.28136789023821	38.0	38.0	38.0	37.0	38.0
9	37.27652538330668	38.0	38.0	38.0	37.0	38.0
10-14	37.237547092327745	38.0	38.0	38.0	36.8	38.0
15-19	37.19988394307855	38.0	38.0	38.0	36.2	38.0
20-24	37.186589686493264	38.0	38.0	38.0	36.2	38.0
25-29	37.06384559072973	38.0	38.0	38.0	36.0	38.0
30-34	37.000048208259685	38.0	38.0	38.0	36.0	38.0
35-39	36.94232706716711	38.0	38.0	38.0	35.8	38.0
40-44	36.84913511698844	38.0	37.6	38.0	35.4	38.0
45-49	36.830443877106475	38.0	37.4	38.0	35.2	38.0
50-54	36.83388531279011	38.0	37.6	38.0	35.2	38.0
55-59	36.70249927834233	38.0	37.2	38.0	34.8	38.0
60-64	36.667825611095715	38.0	37.0	38.0	34.2	38.0
65-69	36.700741268180195	38.0	37.0	38.0	34.6	38.0
70-74	36.68669159494133	38.0	37.2	38.0	34.4	38.0
75-79	36.639444996637295	38.0	37.0	38.0	34.0	38.0
80-84	36.605227042356965	38.0	37.0	38.0	34.2	38.0
85-89	36.556742148746864	38.0	37.0	38.0	34.2	38.0
90-94	36.590938856079546	38.0	37.0	38.0	34.0	38.0
95-99	36.439724420424504	38.0	37.0	38.0	34.0	38.0
100-104	36.39710108948513	38.0	37.0	38.0	34.0	38.0
105-109	36.468017757309916	38.0	37.0	38.0	34.0	38.0
110-114	36.28837662475564	38.0	37.0	38.0	33.6	38.0
115-119	36.308243042939814	38.0	37.0	38.0	33.6	38.0
120-124	36.17531784381735	38.0	37.0	38.0	32.8	38.0
125-129	36.1116535275274	38.0	37.0	38.0	32.6	38.0
130-134	36.19145500520749	38.0	37.0	38.0	32.8	38.0
135-139	36.06124356823156	38.0	37.0	38.0	32.4	38.0
140-144	35.75540816696786	38.0	37.0	38.0	31.2	38.0
145-149	35.62363320807077	38.0	36.2	38.0	30.6	38.0
150-154	35.56177793577773	38.0	36.0	38.0	30.2	38.0
155-159	35.713047658963504	38.0	36.8	38.0	30.8	38.0
160-164	35.701868081916714	38.0	36.8	38.0	31.0	38.0
165-169	35.4837714292171	38.0	36.0	38.0	29.4	38.0
170-174	35.38469726668091	38.0	36.0	38.0	28.8	38.0
175-179	35.4796770114944	38.0	36.0	38.0	29.6	38.0
180-184	35.279626954078914	38.0	36.0	38.0	28.2	38.0
185-189	35.12525385320045	38.0	35.8	38.0	27.6	38.0
190-194	34.941730213071025	38.0	35.4	38.0	26.8	38.0
195-199	34.5762116671447	37.6	35.0	38.0	25.8	38.0
200-204	34.52999688743753	37.0	35.0	38.0	25.4	38.0
205-209	34.29405438955706	37.0	34.4	38.0	24.6	38.0
210-214	33.941437201294356	37.0	34.0	38.0	23.8	38.0
215-219	33.703660618949144	37.0	33.4	38.0	23.4	38.0
220-224	33.73346225364473	37.0	33.6	37.8	23.4	38.0
225-229	34.02226947960984	37.0	34.0	38.0	23.6	38.0
230-234	33.608009039783546	37.0	33.6	37.6	22.8	38.0
235-239	33.001724141711044	37.0	32.0	37.2	21.8	38.0
240-244	32.71384934460166	36.8	31.8	37.0	21.0	37.6
245-249	32.253179168183436	36.4	30.4	37.0	20.2	37.2
250-251	28.824856382500013	32.0	24.0	36.0	14.5	37.5
>>END_MODULE
>>Per sequence quality scores	pass
#Quality	Count
2	535.0
3	0.0
4	0.0
5	0.0
6	0.0
7	0.0
8	0.0
9	0.0
10	0.0
11	0.0
12	2.0
13	12.0
14	13.0
15	37.0
16	61.0
17	175.0
18	287.0
19	427.0
20	580.0
21	755.0
22	1000.0
23	1324.0
24	1850.0
25	2489.0
26	3349.0
27	4740.0
28	6389.0
29	8881.0
30	12346.0
31	16799.0
32	22340.0
33	30479.0
34	42038.0
35	63476.0
36	118684.0
37	445030.0
>>END_MODULE
>>Per base sequence content	fail
#Base	G	A	T	C
1	33.292026295269174	29.61574244827793	16.816133482566176	20.27609777388672
2	11.546487008702556	23.3314998283482	46.88901849627918	18.23299466667007
3	13.818671887263692	32.60261140457117	35.975665007153225	17.603051701011914
4	9.4844958222887	21.671390813501915	49.283210156681726	19.560903207527666
5	8.946185565168339	40.97028573324672	41.12649525309388	8.95703344849106
6	19.43762020411888	48.48850698667497	22.569850796936556	9.504022012269594
7	18.59773879062692	37.24665406610572	30.474639563123834	13.680967580143525
8	18.15004026479045	42.66446986394202	25.05720663175775	14.128283239509779
9	20.189059462991487	20.58443290456543	29.695123429768888	29.531384202674193
10-14	18.61667791868682	28.73198453729949	34.49415043844592	18.157187105567772
15-19	16.66091941554157	34.888094511864395	31.986068765370497	16.46491730722354
20-24	16.665692484203568	33.217265235852125	33.56894085095902	16.54810142898529
25-29	16.898449773662104	33.28168890057341	33.07338401634585	16.74647730941864
30-34	16.868560664554096	33.249910983545675	33.15575135630447	16.72577699559576
35-39	16.864650244055575	33.23370508522979	33.13574568052667	16.765898990187967
40-44	16.862221432119206	33.20590360646449	33.147832742591866	16.78404221882444
45-49	16.977912544740953	33.20357043338958	33.06817796231118	16.750339059558293
50-54	16.850046952066034	33.15701457669943	33.129749588120525	16.863188883114013
55-59	16.926594282811728	32.9553817948716	33.11894720430267	16.99907671801401
60-64	16.887155289770263	33.17702417061092	33.100843672922686	16.83497686669613
65-69	16.88383079731622	33.095403981987026	33.08411568249321	16.936649538203543
70-74	16.849360165105036	32.98935569637491	33.19801101846062	16.96327312005944
75-79	16.942644972242235	33.149170092572085	32.98585149709601	16.92233343808967
80-84	16.83734652192563	33.05708288454737	33.1822723159238	16.923298277603195
85-89	16.93433555154275	32.97225305457566	33.11442739589566	16.97898399798593
90-94	16.975688647746242	33.08919471048238	33.0503141200246	16.88480252174677
95-99	16.846304511509118	33.07916563249485	33.16199202476343	16.912537831232612
100-104	16.889678833185922	33.000354911581944	33.114912483310704	16.995053771921423
105-109	16.968108988511325	33.05625503892385	33.03696387350597	16.93867209905885
110-114	16.838559820240327	32.987543372567195	33.14304431646228	17.030852490730197
115-119	16.89670759522093	32.961805268320354	33.10639454496035	17.035092591498362
120-124	16.94701052516231	33.05259811533304	33.082732797190886	16.917658562313765
125-129	16.846865674394017	32.965016396163264	33.14514369308595	17.042974236356763
130-134	16.890105016652658	32.96720726560959	33.06586060512407	17.07682711261368
135-139	16.993861913637176	32.990992242498145	32.97880482248814	17.03634102137654
140-144	16.806889170106714	32.92908728846719	33.19939043344428	17.064633107981823
145-149	16.942613896341943	32.95497618783318	33.00987006868842	17.092539847136447
150-154	16.895099282290825	32.9763334722059	33.03893045405764	17.089636791445635
155-159	16.885241853488953	32.9305752240418	33.099852446091646	17.084330476377595
160-164	16.954248958779196	33.01126181177766	32.89656807281707	17.137921156626078
165-169	16.89109423600653	32.866355178917885	33.12793493051598	17.114615654559607
170-174	16.883141857181315	32.96882615974739	32.98024644264075	17.16778554043055
175-179	16.89539199636935	32.955005916008886	32.91707862618928	17.232523461432482
180-184	16.893496475506065	32.92692934432187	33.00685639257285	17.172717787599208
185-189	16.834011500925797	32.94634705123726	33.05687126850891	17.16277017932803
190-194	16.90355702696628	32.921416936287656	32.869746420451136	17.30527961629493
195-199	16.89288864837617	32.88485844755628	33.04275669584943	17.179496208218122
200-204	16.923008298187984	32.98636441904291	32.87249875654284	17.218128526226273
205-209	16.874783065530472	32.977713909180245	32.88783662395095	17.25966640133833
210-214	16.834145917529348	32.94928209587585	32.94429397223826	17.27227801435654
215-219	16.832415839252693	33.005493243858794	32.90464259285798	17.25744832403053
220-224	16.893935462213825	32.89719956405027	32.9322588446007	17.2766061291352
225-229	16.837258518868058	32.91710637324296	32.93003303161598	17.315602076273002
230-234	16.80573034799694	32.96615070308037	32.85517231572136	17.37294663320132
235-239	16.821803043078575	32.885291132311444	32.96770733228027	17.32519849232971
240-244	16.812760810479098	32.98902004576147	32.87874991573938	17.31946922802006
245-249	16.774876481006274	33.08103453513143	32.91072954458108	17.23335943928122
250-251	18.38868558449138	38.098411596763256	36.343005189520014	7.169897629225358
>>END_MODULE
>>Per sequence GC content	pass
#GC Content	Count
0	535.0
1	267.5
2	0.0
3	0.0
4	0.0
5	0.0
6	0.0
7	0.0
8	0.3333333333333333
9	2.5
10	5.5
11	6.5
12	16.5
13	36.333333333333336
14	71.16666666666667
15	113.16666666666666
16	193.0
17	331.3333333333332
18	566.1666666666664
19	916.0000000000032
20	1479.666666666659
21	2432.166666666667
22	3725.333333333447
23	5498.99999999988
24	7685.83333333271
25	10543.166666667008
26	14273.000000002254
27	18886.000000000822
28	23855.833333328494
29	29444.666666653928
30	34385.83333331979
31	38822.499999998414
32	42783.33333334352
33	45367.50000001814
34	46147.66666668694
35	44832.16666668304
36	41827.833333340845
37	37784.33333332946
38	32873.83333331598
39	27571.499999989734
40	22148.333333330334
41	17164.000000002565
42	12827.500000001333
43	9310.833333333152
44	6761.499999999706
45	4887.000000000007
46	3433.166666666747
47	2652.500000000017
48	2178.99999999997
49	1720.8333333333026
50	1404.6666666666547
51	1254.1666666666638
52	1004.6666666666828
53	753.666666666673
54	566.4999999999985
55	410.83333333333184
56	297.8333333333332
57	235.1666666666671
58	200.3333333333336
59	129.49999999999983
60	79.99999999999999
61	43.666666666666664
62	16.833333333333336
63	10.333333333333334
64	3.6666666666666665
65	2.1666666666666665
66	2.333333333333333
67	2.6666666666666665
68	2.333333333333333
69	1.0
70	1.8333333333333333
71	2.666666666666667
72	1.6666666666666665
73	1.3333333333333333
74	1.1666666666666665
75	1.0
76	0.6666666666666666
77	0.0
78	0.0
79	0.3333333333333333
80	0.3333333333333333
81	0.0
82	0.3333333333333333
83	0.3333333333333333
84	0.6666666666666666
85	0.3333333333333333
86	0.3333333333333333
87	0.0
88	0.3333333333333333
89	0.0
90	0.5
91	0.5
92	0.0
93	0.3333333333333333
94	0.0
95	0.0
96	0.0
97	0.0
98	0.0
99	0.0
100	0.0
>>END_MODULE
>>Per base N content	pass
#Base	N-Count
1	0.0682312670099911
2	0.0682312670099911
3	0.0682312670099911
4	0.0682312670099911
5	0.0682312670099911
6	0.0682312670099911
7	0.0682312670099911
8	0.0682312670099911
9	0.0682312670099911
10-14	0.0682312670099911
15-19	0.0682312670099911
20-24	0.0682312670099911
25-29	0.0682312670099911
30-34	0.0682312670099911
35-39	0.013663916686375057
40-44	0.0
45-49	0.0
50-54	0.0
55-59	0.0
60-64	0.0
65-69	0.0
70-74	0.0
75-79	0.0
80-84	0.0
85-89	0.0
90-94	0.0
95-99	0.0
100-104	0.0
105-109	0.0
110-114	0.0
115-119	0.0
120-124	0.0
125-129	0.0
130-134	0.0
135-139	0.0
140-144	0.0
145-149	0.0
150-154	0.0
155-159	0.0
160-164	0.0
165-169	0.0
170-174	0.0
175-179	0.0
180-184	0.0
185-189	0.0
190-194	0.0
195-199	0.0
200-204	0.0
205-209	0.0
210-214	0.0
215-219	0.0
220-224	0.0
225-229	0.0
230-234	0.0
235-239	0.0
240-244	6.359288344759914E-5
245-249	0.0
250-251	0.0
>>END_MODULE
>>Sequence Length Distribution	warn
#Length	Count
35-39	2349.0
40-44	2469.0
45-49	3207.0
50-54	3566.0
55-59	4073.0
60-64	4599.0
65-69	5178.0
70-74	5903.0
75-79	6259.0
80-84	7113.0
85-89	7653.0
90-94	8538.0
95-99	9189.0
100-104	10072.0
105-109	10493.0
110-114	11717.0
115-119	12054.0
120-124	13386.0
125-129	13820.0
130-134	14511.0
135-139	15013.0
140-144	15647.0
145-149	15784.0
150-154	16118.0
155-159	16404.0
160-164	16361.0
165-169	16489.0
170-174	16211.0
175-179	15907.0
180-184	15824.0
185-189	15471.0
190-194	15116.0
195-199	14817.0
200-204	14353.0
205-209	13988.0
210-214	13686.0
215-219	13306.0
220-224	12814.0
225-229	12277.0
230-234	11865.0
235-239	11481.0
240-244	10997.0
245-249	29506.0
250-252	278514.0
>>END_MODULE
>>Sequence Duplication Levels	pass
#Total Deduplicated Percentage	74.6558952976757
#Duplication Level	Percentage of total
1	58.56980856687424
2	21.786509572116174
3	9.468265362867278
4	4.648918863288005
5	2.214302314918599
6	1.19341820793618
7	0.6644595384698235
8	0.4358980704860949
9	0.2916137451545897
>10	0.6586137594462239
>50	0.0
>100	0.0
>500	0.0681919984427587
>1k	0.0
>5k	0.0
>10k+	0.0
>>END_MODULE
>>Overrepresented sequences	pass
>>END_MODULE
>>Adapter Content	pass
#Position	Illumina Universal Adapter	Illumina Small RNA 3' Adapter	Illumina Small RNA 5' Adapter	Nextera Transposase Sequence	PolyA	PolyG
1	0.0	0.0	0.0	0.0	0.0	0.005356473297980609
2	0.0	0.0	0.0	0.0	0.0	0.005356473297980609
3	0.0	0.0	0.0	0.0	0.0	0.005356473297980609
4	0.0	0.0	0.0	0.0	0.0	0.005356473297980609
5	0.0	0.0	0.0	0.0	0.0	0.005356473297980609
6	0.0	0.0	0.0	0.0	0.0	0.005356473297980609
7	0.0	0.0	0.0	0.0	0.0	0.005356473297980609
8	0.0	0.0	0.0	0.0	0.0	0.005356473297980609
9	0.0	0.0	0.0	0.0	0.0	0.005356473297980609
10-14	0.0	0.0	0.0	0.0	0.0	0.005356473297980609
15-19	0.0	0.0	0.0	0.0	0.0	0.005356473297980609
20-24	0.0	0.0	0.0	0.0	0.0	0.005356473297980609
25-29	0.0	0.0	0.0	0.0	1.0202806281867827E-4	0.005356473297980609
30-34	0.0	0.0	0.0	5.1014031409339136E-5	2.8057717275136525E-4	0.005356473297980609
35-39	0.0	0.0	0.0	1.2753507852334784E-4	3.8260523557004356E-4	0.005356473297980609
40-44	0.0	0.0	0.0	7.14196439730748E-4	3.8260523557004356E-4	0.005356473297980609
45-49	0.0	0.0	0.0	0.0015049139265755046	4.846332983887218E-4	0.005356473297980609
50-54	0.0	0.0	0.0	0.0026272226175809653	5.101403140933913E-4	0.005356473297980609
55-59	0.0	0.0	0.0	0.0037240242928817573	5.611543455027305E-4	0.005356473297980609
60-64	0.0	0.0	0.0	0.005279952250866601	6.376753926167392E-4	0.005356473297980609
65-69	0.0	0.0	0.0	0.0060961767534160275	6.376753926167392E-4	0.005356473297980609
70-74	0.0	0.0	0.0	0.0072694994758308274	6.886894240260784E-4	0.005356473297980609
75-79	0.0	0.0	0.0	0.008595864292473644	7.652104711400871E-4	0.005356473297980609
80-84	0.0	0.0	0.0	0.010508890470323863	8.162245025494262E-4	0.005356473297980609
85-89	0.0	0.0	0.0	0.011733227224148001	8.927455496634349E-4	0.005356473297980609
90-94	0.0	0.0	0.0	0.013926830574749586	9.182525653681044E-4	0.005356473297980609
95-99	0.0	0.0	0.0	0.015661307642667117	0.0010712946595961218	0.005356473297980609
100-104	0.0	0.0	0.0	0.01892620565286482	0.0011478157067101307	0.005356473297980609
105-109	0.0	0.0	0.0	0.021527921254741116	0.0016324490050988523	0.005356473297980609
110-114	0.0	0.0	0.0	0.0254815086889649	0.0029843208374463396	0.005356473297980609
115-119	0.0	0.0	0.0	0.029129011934732652	0.0038260523557004356	0.005356473297980609
120-124	0.0	0.0	0.0	0.03321013444747978	0.004336192669793826	0.005356473297980609
125-129	0.0	0.0	0.0	0.038056467431367	0.005637050470731975	0.005381980313685279
130-134	0.0	0.0	0.0	0.04407612313766902	0.006478781988986071	0.005484008376503958
135-139	0.0	0.0	0.0	0.049126512247193596	0.007677611727105541	0.005484008376503958
140-144	0.0	0.0	0.0	0.054636027639402215	0.00956513088925109	0.005484008376503958
145-149	0.0	0.0	0.0	0.059762937796040805	0.01132511497287329	0.005484008376503958
150-154	0.0	0.0	0.0	0.0668028741305296	0.012779014868039455	0.005484008376503958
155-159	0.0	0.0	0.0	0.07335817716662968	0.015406237485620419	0.005611543455027305
160-164	0.0	0.0	0.0	0.07866363643320096	0.017293756647765966	0.005611543455027305
165-169	0.0	0.0	0.0	0.08412213779400024	0.019793444186823588	0.005688064502141314
170-174	0.0	0.0	0.0	0.08998875140607424	0.022726750992860586	0.005739078533550653
175-179	0.0	0.0	0.0	0.09690115266203969	0.025660057798897584	0.005739078533550653
180-184	0.0	0.0	0.0	0.10376253988659581	0.029741180311644716	0.005739078533550653
185-189	0.0	0.0	0.0	0.11001175873423985	0.033388683557412466	0.005739078533550653
190-194	0.0	0.0	0.0	0.11735777925718467	0.03818400250989035	0.005739078533550653
195-199	0.0	0.0	0.0	0.12493336292147154	0.043591489839280295	0.005739078533550653
200-204	0.0	0.0	0.0	0.13097852564347823	0.04846332983887218	0.005739078533550653
205-209	0.0	0.0	0.0	0.13743180061675966	0.05438095748235552	0.005739078533550653
210-214	0.0	0.0	0.0	0.14370652648010834	0.060451627220066875	0.005739078533550653
215-219	0.0	0.0	0.0	0.14970067517070568	0.06624171978502687	0.005739078533550653
220-224	0.0	0.0	0.0	0.15702118867794587	0.07297557193105964	0.005739078533550653
225-229	0.0	0.0	0.0	0.16582110909605688	0.08011753632836713	0.005739078533550653
230-234	0.0	0.0	0.0	0.17296307349336434	0.08713196564715125	0.005739078533550653
235-239	0.0	0.0	0.0	0.1798754747493298	0.09297307224352057	0.005739078533550653
240	0.0	0.0	0.0	0.18084474134610726	0.09845708062002453	0.005739078533550653
>>END_MODULE
