##FastQC	0.12.1
>>Basic Statistics	pass
#Measure	Value
Filename	ERR13346993_1.gz
File type	Conventional base calls
Encoding	Sanger / Illumina 1.9
Total Sequences	677185
Total Bases	135.2 Mbp
Sequences flagged as poor quality	0
Sequence length	35-251
%GC	33
>>END_MODULE
>>Per base sequence quality	pass
#Base	Mean	Median	Lower Quartile	Upper Quartile	10th Percentile	90th Percentile
1	33.69491497892009	34.0	34.0	34.0	34.0	34.0
2	33.626911405302835	34.0	34.0	34.0	34.0	34.0
3	33.67607817656918	34.0	34.0	34.0	34.0	34.0
4	33.684229567991025	34.0	34.0	34.0	34.0	34.0
5	33.67887800231842	34.0	34.0	34.0	34.0	34.0
6	37.509772071147474	38.0	38.0	38.0	37.0	38.0
7	37.45138477668584	38.0	38.0	38.0	37.0	38.0
8	37.34005035551585	38.0	38.0	38.0	37.0	38.0
9	37.330535968753	38.0	38.0	38.0	37.0	38.0
10-14	37.27808117427291	38.0	38.0	38.0	37.0	38.0
15-19	37.2478126361334	38.0	38.0	38.0	36.4	38.0
20-24	37.240618442523086	38.0	38.0	38.0	36.6	38.0
25-29	37.1283445439577	38.0	38.0	38.0	36.0	38.0
30-34	37.07259286605581	38.0	38.0	38.0	36.0	38.0
35-39	37.02497877641859	38.0	38.0	38.0	36.0	38.0
40-44	36.94090912082093	38.0	37.8	38.0	35.6	38.0
45-49	36.91667853510508	38.0	37.8	38.0	35.4	38.0
50-54	36.932508995569606	38.0	38.0	38.0	35.8	38.0
55-59	36.819359442245975	38.0	37.4	38.0	35.0	38.0
60-64	36.77896921765097	38.0	37.2	38.0	35.0	38.0
65-69	36.815428143352804	38.0	37.6	38.0	35.0	38.0
70-74	36.81489416117296	38.0	37.8	38.0	35.2	38.0
75-79	36.750821395294956	38.0	37.0	38.0	35.0	38.0
80-84	36.72644084065217	38.0	37.0	38.0	34.4	38.0
85-89	36.68607932334446	38.0	37.0	38.0	34.4	38.0
90-94	36.70512483483602	38.0	37.0	38.0	34.4	38.0
95-99	36.57707471147555	38.0	37.0	38.0	34.0	38.0
100-104	36.52757484899839	38.0	37.0	38.0	34.0	38.0
105-109	36.58813228646179	38.0	37.0	38.0	34.0	38.0
110-114	36.43123882253624	38.0	37.0	38.0	34.0	38.0
115-119	36.44794256008332	38.0	37.0	38.0	33.8	38.0
120-124	36.310902058150496	38.0	37.0	38.0	33.4	38.0
125-129	36.26677514134427	38.0	37.0	38.0	33.0	38.0
130-134	36.33637186433314	38.0	37.0	38.0	33.8	38.0
135-139	36.20259496766497	38.0	37.0	38.0	33.0	38.0
140-144	35.9141140780439	38.0	37.0	38.0	31.8	38.0
145-149	35.767030448768885	38.0	36.8	38.0	30.8	38.0
150-154	35.7194714547977	38.0	36.2	38.0	30.8	38.0
155-159	35.89892144260058	38.0	36.8	38.0	31.8	38.0
160-164	35.87438093046828	38.0	37.0	38.0	31.2	38.0
165-169	35.678632093924115	38.0	36.4	38.0	30.6	38.0
170-174	35.58111585476058	38.0	36.0	38.0	30.0	38.0
175-179	35.666763414306125	38.0	36.2	38.0	30.4	38.0
180-184	35.49856073525196	38.0	36.0	38.0	29.6	38.0
185-189	35.33239548317174	38.0	35.8	38.0	28.6	38.0
190-194	35.15465236958986	38.0	35.4	38.0	27.8	38.0
195-199	34.81369563279171	37.8	35.0	38.0	27.0	38.0
200-204	34.77361234930622	37.2	35.0	38.0	26.8	38.0
205-209	34.5406124117561	37.0	34.8	38.0	25.8	38.0
210-214	34.216722273362194	37.0	34.6	38.0	24.6	38.0
215-219	33.955670997892504	37.0	34.0	38.0	24.4	38.0
220-224	34.0035210066243	37.0	33.8	37.8	24.2	38.0
225-229	34.35038497880291	37.0	34.2	38.0	24.0	38.0
230-234	33.916470213906166	37.0	33.8	37.6	23.8	38.0
235-239	33.34564496765673	37.0	32.2	37.2	22.6	38.0
240-244	33.080957478809964	37.0	32.0	37.0	22.0	37.6
245-249	32.593365120960144	36.6	31.4	37.0	21.0	37.2
250-251	29.16542013145997	32.5	25.0	36.0	15.0	37.5
>>END_MODULE
>>Per sequence quality scores	pass
#Quality	Count
2	366.0
3	0.0
4	0.0
5	0.0
6	0.0
7	0.0
8	0.0
9	0.0
10	0.0
11	0.0
12	0.0
13	4.0
14	10.0
15	16.0
16	22.0
17	53.0
18	92.0
19	119.0
20	192.0
21	359.0
22	609.0
23	819.0
24	1283.0
25	1855.0
26	2671.0
27	3735.0
28	5272.0
29	7360.0
30	10159.0
31	13740.0
32	19043.0
33	26157.0
34	35747.0
35	54572.0
36	103114.0
37	389816.0
>>END_MODULE
>>Per base sequence content	fail
#Base	G	A	T	C
1	33.13249184789434	29.82259658786175	16.96952951970911	20.075382044534802
2	11.578871160531842	23.370354555649296	46.8264041050857	18.224370178733164
3	13.680319258176855	32.689685129997834	36.111870381889396	17.518125229935922
4	9.45599931444005	21.84394941631367	49.313184174794145	19.386867094452136
5	8.829834859836973	40.97107202959728	41.25992325865556	8.939169851910187
6	19.408734092866776	48.601767976371825	22.5042441184423	9.4852538123191
7	18.643389148354288	37.37070029062423	30.339278300402324	13.64663226061916
8	18.268251925551734	42.43172842369969	25.14424092704253	14.155778723706042
9	20.14423353954307	20.85358123811536	29.70646509628128	29.295720126060292
10-14	18.615789450355265	28.865265307268267	34.40840165539088	18.11054358698559
15-19	16.64725724307385	34.95111691604402	31.973215881941847	16.42840995894028
20-24	16.667587641599894	33.31147618491798	33.51708507001133	16.503851103470797
25-29	16.902185074591582	33.31295368481086	33.081429451596364	16.703431789001193
30-34	16.87139397682394	33.34365613258493	33.10223265008813	16.682717240503
35-39	16.88850255600595	33.311424710915574	33.059105974460635	16.740966758617834
40-44	16.89237033889919	33.28003313559819	33.08052033318105	16.747076192321572
45-49	16.97870680663889	33.221736589898605	33.01111877864246	16.788437824820047
50-54	16.916710934160374	33.17778600527156	33.068115897962386	16.837387162605683
55-59	16.983083347996107	33.03163927421063	33.027868846572325	16.957408531220935
60-64	16.953294871771753	33.21334384143112	33.005285909831144	16.828075376965984
65-69	16.910609133759326	33.12879358803389	33.0245251360368	16.936072142169976
70-74	16.94755917033911	33.11785817592253	33.00157755161074	16.93300510212763
75-79	16.972866726069945	33.198921689801125	32.9256441759813	16.902567408147625
80-84	16.90607775645116	33.10390112773711	33.106703839036896	16.883317276774825
85-89	16.966413457466693	33.12703427327469	32.93035939810969	16.97619287114893
90-94	17.00958199832343	33.185109121004835	32.91454641824727	16.89076246242446
95-99	16.866729947793072	33.20819490586933	32.98465432684702	16.940420819490587
100-104	16.957376432351907	33.07177133306073	33.003045317576266	16.967806917011096
105-109	17.01698333661489	33.040627364014135	33.0186387941844	16.923750505186582
110-114	16.91335830113904	33.13350556130962	32.99314369877957	16.959992438771774
115-119	16.948901934913664	33.02054399236997	33.020877006786506	17.009677065929864
120-124	17.022191028156556	33.075508514784204	32.99033021565643	16.911970241402813
125-129	16.935423336517186	33.13853754409934	32.94495836773708	16.981080751646388
130-134	16.98993654342876	33.07462856208721	32.9205212496549	17.01491364482913
135-139	17.028016099230847	33.01713765988226	33.019536789034184	16.9353094518527
140-144	16.89055069506926	33.134092220485854	32.97423342603851	17.00112365840638
145-149	16.980323045973307	33.03124854886958	32.92201119561163	17.066417209545477
150-154	16.961765342444938	33.10811433097408	32.95714967681131	16.972970649769678
155-159	16.88035836593949	33.06665826910511	33.02768833499972	17.025295029955675
160-164	16.998409848347322	33.05271516474222	32.889131295259986	17.05974369165047
165-169	16.926923609496907	33.06931318862956	32.94169698365856	17.062066218214976
170-174	16.9089538600538	33.06875817082937	32.986023176065544	17.036264793051288
175-179	16.993660269627	32.98952165696156	32.90280828762917	17.11400978578227
180-184	16.97696505905288	33.098242728020466	32.84158195376652	17.083210259160126
185-189	16.926292710762223	33.100691268115725	32.91323349651881	17.059782524603246
190-194	17.005114105297807	32.986729465523965	32.826069593461305	17.18208683571693
195-199	16.921514272382787	32.99879323511511	32.959784672735665	17.11990781976644
200-204	16.884031044129404	33.105503423133634	32.88115341023906	17.129312122497897
205-209	16.990013480278883	33.032827658134146	32.824559219458195	17.15259964212878
210-214	16.89157791499178	33.12032931360767	32.86555329935214	17.122539472048402
215-219	16.84020928038425	33.10564084970123	32.846270406266974	17.20787946364754
220-224	16.966933103183326	32.996158839021085	32.76985650549655	17.267051552299044
225-229	16.951036327017253	33.073182500962936	32.79119083762853	17.184590334391288
230-234	16.814141352712824	33.14335198305308	32.79759732822493	17.24490933600916
235-239	16.86694617727179	33.004454905148876	32.81694896363631	17.311649953943036
240-244	16.817592210667996	33.11178440396848	32.87867974296073	17.191943642402798
245-249	16.851456065396796	33.28615954966513	32.789603282788654	17.07278110214942
250-251	18.733828999400338	38.238624212155145	35.86303345955625	7.164513328888273
>>END_MODULE
>>Per sequence GC content	pass
#GC Content	Count
0	366.0
1	183.0
2	0.0
3	0.0
4	0.0
5	0.0
6	0.0
7	0.0
8	0.0
9	0.5
10	2.0
11	6.0
12	10.5
13	18.333333333333336
14	36.0
15	63.83333333333334
16	129.6666666666666
17	245.83333333333357
18	421.16666666666623
19	709.3333333333347
20	1159.0000000000034
21	1888.8333333332994
22	2901.0000000000496
23	4180.166666666835
24	6099.999999999693
25	8471.999999999198
26	11400.500000000933
27	14996.833333336454
28	19482.00000000012
29	24266.16666666044
30	28666.999999986892
31	33078.33333331402
32	36682.16666665836
33	38799.666666664634
34	39344.66666666636
35	38236.33333332968
36	35797.166666655154
37	32302.66666664668
38	27910.3333333209
39	22700.166666662408
40	17817.000000002343
41	13775.000000002228
42	10189.166666666879
43	7246.999999999506
44	5282.666666666581
45	3842.666666666785
46	2784.333333333359
47	2094.4999999999623
48	1646.3333333333076
49	1326.4999999999925
50	1116.166666666675
51	976.1666666666825
52	712.3333333333372
53	553.4999999999959
54	463.49999999999557
55	344.99999999999903
56	227.66666666666725
57	176.50000000000009
58	160.00000000000003
59	102.33333333333326
60	53.16666666666668
61	36.666666666666664
62	22.333333333333332
63	8.333333333333332
64	3.1666666666666665
65	2.333333333333333
66	3.3333333333333335
67	2.1666666666666665
68	1.833333333333333
69	2.5
70	1.6666666666666665
71	1.1666666666666665
72	1.8333333333333333
73	1.3333333333333333
74	0.0
75	0.0
76	0.0
77	0.0
78	0.0
79	0.3333333333333333
80	0.6666666666666666
81	0.0
82	0.0
83	0.0
84	0.0
85	0.0
86	0.0
87	0.0
88	0.0
89	0.0
90	0.0
91	0.0
92	0.0
93	0.0
94	0.0
95	0.0
96	0.0
97	0.0
98	0.0
99	0.0
100	0.0
>>END_MODULE
>>Per base N content	pass
#Base	N-Count
1	0.05404726921003862
2	0.05404726921003862
3	0.05404726921003862
4	0.05404726921003862
5	0.05404726921003862
6	0.05404726921003862
7	0.05404726921003862
8	0.05404726921003862
9	0.05404726921003862
10-14	0.05404726921003862
15-19	0.05404726921003862
20-24	0.05404726921003862
25-29	0.05404726921003862
30-34	0.05404726921003862
35-39	0.01082009202399577
40-44	0.0
45-49	0.0
50-54	0.0
55-59	0.0
60-64	0.0
65-69	0.0
70-74	0.0
75-79	0.0
80-84	0.0
85-89	0.0
90-94	0.0
95-99	0.0
100-104	0.0
105-109	0.0
110-114	0.0
115-119	0.0
120-124	0.0
125-129	0.0
130-134	0.0
135-139	0.0
140-144	0.0
145-149	0.0
150-154	0.0
155-159	0.0
160-164	0.0
165-169	0.0
170-174	0.0
175-179	0.0
180-184	0.0
185-189	0.0
190-194	0.0
195-199	0.0
200-204	0.0
205-209	0.0
210-214	0.0
215-219	0.0
220-224	0.0
225-229	0.0
230-234	0.0
235-239	0.0
240-244	0.0
245-249	0.0
250-251	0.0
>>END_MODULE
>>Sequence Length Distribution	warn
#Length	Count
35-39	1515.0
40-44	1607.0
45-49	2157.0
50-54	2437.0
55-59	2848.0
60-64	3119.0
65-69	3608.0
70-74	4110.0
75-79	4455.0
80-84	4930.0
85-89	5584.0
90-94	6148.0
95-99	6681.0
100-104	7351.0
105-109	7782.0
110-114	8647.0
115-119	9194.0
120-124	10087.0
125-129	10286.0
130-134	11365.0
135-139	11807.0
140-144	12384.0
145-149	12670.0
150-154	13115.0
155-159	13201.0
160-164	13678.0
165-169	13508.0
170-174	13751.0
175-179	13656.0
180-184	13595.0
185-189	13322.0
190-194	13375.0
195-199	13108.0
200-204	12717.0
205-209	12456.0
210-214	12312.0
215-219	12174.0
220-224	11399.0
225-229	11018.0
230-234	10770.0
235-239	10407.0
240-244	9961.0
245-249	27248.0
250-252	261642.0
>>END_MODULE
>>Sequence Duplication Levels	pass
#Total Deduplicated Percentage	76.57652938506537
#Duplication Level	Percentage of total
1	61.13935725252217
2	21.606624287438454
3	8.798917243127672
4	3.9324630398829425
5	1.8581341626449497
6	0.9857535040668646
7	0.4949235474738678
8	0.3449669130301408
9	0.18323723420988003
>10	0.6016203676541751
>50	0.0
>100	0.054002447948885625
>500	0.0
>1k	0.0
>5k	0.0
>10k+	0.0
>>END_MODULE
>>Overrepresented sequences	pass
>>END_MODULE
>>Adapter Content	pass
#Position	Illumina Universal Adapter	Illumina Small RNA 3' Adapter	Illumina Small RNA 5' Adapter	Nextera Transposase Sequence	PolyA	PolyG
1	0.0	0.0	0.0	0.0	0.0	0.002805732554619491
2	0.0	0.0	0.0	0.0	0.0	0.002805732554619491
3	0.0	0.0	0.0	0.0	0.0	0.002805732554619491
4	0.0	0.0	0.0	0.0	0.0	0.002805732554619491
5	0.0	0.0	0.0	0.0	0.0	0.002805732554619491
6	0.0	0.0	0.0	0.0	0.0	0.002805732554619491
7	0.0	0.0	0.0	0.0	0.0	0.002805732554619491
8	0.0	0.0	0.0	0.0	0.0	0.002805732554619491
9	0.0	0.0	0.0	0.0	0.0	0.002805732554619491
10-14	0.0	0.0	0.0	0.0	0.0	0.002805732554619491
15-19	0.0	0.0	0.0	0.0	0.0	0.002805732554619491
20-24	0.0	0.0	0.0	0.0	0.0	0.002805732554619491
25-29	0.0	0.0	0.0	0.0	0.0	0.002805732554619491
30-34	0.0	0.0	0.0	0.0	0.0	0.0032487429579804634
35-39	0.0	0.0	0.0	2.067381882351204E-4	0.0	0.0038394234957950927
40-44	0.0	0.0	0.0	7.088166453775556E-4	0.0	0.0038394234957950927
45-49	0.0	0.0	0.0	0.0013880992638643798	0.0	0.0038394234957950927
50-54	0.0	0.0	0.0	0.0018015756403346205	0.0	0.0038394234957950927
55-59	0.0	0.0	0.0	0.002244586043695593	0.0	0.0038394234957950927
60-64	0.0	0.0	0.0	0.0026285283932751024	0.0	0.0038394234957950927
65-69	0.0	0.0	0.0	0.0032487429579804634	0.0	0.0038394234957950927
70-74	0.0	0.0	0.0	0.00437103597982826	0.0	0.0038394234957950927
75-79	0.0	0.0	0.0	0.006408883835288731	0.0	0.0038394234957950927
80-84	0.0	0.0	0.0	0.008801140013437982	0.0	0.0038394234957950927
85-89	0.0	0.0	0.0	0.010838987868898456	0.0	0.0038394234957950927
90-94	0.0	0.0	0.0	0.01252242740167015	0.0	0.0038394234957950927
95-99	0.0	0.0	0.0	0.01408773082687892	0.0	0.0038394234957950927
100-104	0.0	0.0	0.0	0.01636185089746524	1.1813610756292593E-4	0.0038394234957950927
105-109	0.0	0.0	0.0	0.0186655049949423	5.906805378146296E-4	0.0038689575226858244
110-114	0.0	0.0	0.0	0.020851022984856426	0.0010632249680663335	0.004016627657139482
115-119	0.0	0.0	0.0	0.023184211109224216	0.001949245774788278	0.004282433899156065
120-124	0.0	0.0	0.0	0.026521556147876872	0.0025399263126029076	0.004282433899156065
125-129	0.0	0.0	0.0	0.030803990047032936	0.0032782769848711943	0.004282433899156065
130-134	0.0	0.0	0.0	0.03514549199997046	0.00416429779159314	0.004282433899156065
135-139	0.0	0.0	0.0	0.03954606200668946	0.00519798873276874	0.004282433899156065
140-144	0.0	0.0	0.0	0.0437103597982826	0.007442574776464333	0.004282433899156065
145-149	0.0	0.0	0.0	0.04870161034281622	0.009687160820159926	0.0044301040336097225
150-154	0.0	0.0	0.0	0.053397520618442516	0.01137060035293162	0.004489172087391185
155-159	0.0	0.0	0.0	0.0580638968671781	0.01352658431595502	0.0046663762487355745
160-164	0.0	0.0	0.0	0.06273027311591367	0.014855615526037935	0.0048731144369706944
165-169	0.0	0.0	0.0	0.06863707849405995	0.01674579324704475	0.004902648463861426
170-174	0.0	0.0	0.0	0.07498689427556723	0.019640127882336437	0.005079852625205816
175-179	0.0	0.0	0.0	0.0818978565679984	0.022918404867207632	0.00516845470587801
180-184	0.0	0.0	0.0	0.08857254664530372	0.02542879715291981	0.00516845470587801
185-189	0.0	0.0	0.0	0.0954835089377349	0.029120550514261247	0.005257056786550205
190-194	0.0	0.0	0.0	0.10301468579487141	0.033078110117619255	0.005316124840331667
195-199	0.0	0.0	0.0	0.1090100932536899	0.038069360662152885	0.005316124840331667
200-204	0.0	0.0	0.0	0.11609825970746548	0.04397616604029918	0.005316124840331667
205-209	0.0	0.0	0.0	0.12286155186544297	0.04920368879995865	0.005316124840331667
210-214	0.0	0.0	0.0	0.129565775969639	0.05584884485037324	0.005316124840331667
215-219	0.0	0.0	0.0	0.1350886389982058	0.06199192244364539	0.005316124840331667
220-224	0.0	0.0	0.0	0.1414384547797131	0.06851894238649704	0.005316124840331667
225-229	0.0	0.0	0.0	0.149146835798194	0.07540037065203747	0.005316124840331667
230-234	0.0	0.0	0.0	0.1558215258754993	0.08361083012766084	0.005316124840331667
235-239	0.0	0.0	0.0	0.161462525011629	0.09205756181841004	0.005316124840331667
240	0.0	0.0	0.0	0.1622894777645695	0.09657626793269196	0.005316124840331667
>>END_MODULE
