##FastQC	0.12.1
>>Basic Statistics	pass
#Measure	Value
Filename	ERR13346997_1.gz
File type	Conventional base calls
Encoding	Sanger / Illumina 1.9
Total Sequences	306900
Total Bases	60.8 Mbp
Sequences flagged as poor quality	0
Sequence length	35-251
%GC	33
>>END_MODULE
>>Per base sequence quality	pass
#Base	Mean	Median	Lower Quartile	Upper Quartile	10th Percentile	90th Percentile
1	33.711290322580645	34.0	34.0	34.0	34.0	34.0
2	33.63870316063864	34.0	34.0	34.0	34.0	34.0
3	33.68834799608993	34.0	34.0	34.0	34.0	34.0
4	33.69526230042359	34.0	34.0	34.0	34.0	34.0
5	33.69587813620072	34.0	34.0	34.0	34.0	34.0
6	37.524630172694685	38.0	38.0	38.0	37.0	38.0
7	37.47716194200065	38.0	38.0	38.0	37.0	38.0
8	37.363668947539914	38.0	38.0	38.0	37.0	38.0
9	37.350664711632454	38.0	38.0	38.0	37.0	38.0
10-14	37.30726360377974	38.0	38.0	38.0	37.0	38.0
15-19	37.27864450961225	38.0	38.0	38.0	37.0	38.0
20-24	37.26594265232974	38.0	38.0	38.0	36.8	38.0
25-29	37.162739002932554	38.0	38.0	38.0	36.2	38.0
30-34	37.109208211143695	38.0	38.0	38.0	36.0	38.0
35-39	37.06126749972642	38.0	38.0	38.0	36.0	38.0
40-44	36.9818133734683	38.0	38.0	38.0	35.8	38.0
45-49	36.95835870334547	38.0	38.0	38.0	36.0	38.0
50-54	36.97593465988159	38.0	38.0	38.0	36.0	38.0
55-59	36.862625558168105	38.0	37.8	38.0	35.4	38.0
60-64	36.8361162936781	38.0	37.6	38.0	35.0	38.0
65-69	36.86702718354646	38.0	38.0	38.0	35.4	38.0
70-74	36.86205654502341	38.0	38.0	38.0	35.4	38.0
75-79	36.80352305351355	38.0	37.4	38.0	35.0	38.0
80-84	36.77377032093218	38.0	37.2	38.0	35.0	38.0
85-89	36.74570552427807	38.0	37.4	38.0	34.6	38.0
90-94	36.75443988973908	38.0	37.0	38.0	35.0	38.0
95-99	36.63798881638596	38.0	37.0	38.0	34.2	38.0
100-104	36.59410345188645	38.0	37.0	38.0	34.0	38.0
105-109	36.647250902779845	38.0	37.0	38.0	34.6	38.0
110-114	36.501510363775544	38.0	37.0	38.0	34.0	38.0
115-119	36.513672814460776	38.0	37.0	38.0	34.0	38.0
120-124	36.389746742425004	38.0	37.0	38.0	33.6	38.0
125-129	36.334866088384196	38.0	37.0	38.0	33.6	38.0
130-134	36.39498842817818	38.0	37.0	38.0	34.0	38.0
135-139	36.27720114314939	38.0	37.0	38.0	33.4	38.0
140-144	35.995744006713494	38.0	37.0	38.0	31.8	38.0
145-149	35.85201121095325	38.0	37.0	38.0	31.6	38.0
150-154	35.807393510938994	38.0	36.8	38.0	31.2	38.0
155-159	35.97669741163379	38.0	37.0	38.0	31.8	38.0
160-164	35.950269422248525	38.0	37.0	38.0	31.6	38.0
165-169	35.762465740828205	38.0	36.8	38.0	31.0	38.0
170-174	35.66388102874989	38.0	36.0	38.0	30.4	38.0
175-179	35.74264269337416	38.0	36.4	38.0	31.0	38.0
180-184	35.58680933406839	38.0	36.0	38.0	30.2	38.0
185-189	35.43490681238631	38.0	36.0	38.0	29.2	38.0
190-194	35.24216441741844	38.0	35.8	38.0	28.2	38.0
195-199	34.91298744137656	37.8	35.2	38.0	27.4	38.0
200-204	34.87697887793804	37.4	35.0	38.0	27.6	38.0
205-209	34.65404497933295	37.0	35.0	38.0	26.4	38.0
210-214	34.32869937157441	37.0	34.6	38.0	25.0	38.0
215-219	34.07736724364364	37.0	34.2	38.0	24.6	38.0
220-224	34.12970422558875	37.0	34.2	37.8	24.6	38.0
225-229	34.481745727768114	37.0	35.0	38.0	25.0	38.0
230-234	34.05058383969504	37.0	34.0	37.6	24.0	38.0
235-239	33.49773034876201	37.0	33.2	37.2	23.0	38.0
240-244	33.23734552112045	37.0	32.6	37.0	22.4	37.6
245-249	32.76019197320721	36.6	31.4	37.0	21.4	37.2
250-251	29.371636415648762	32.5	25.0	36.5	15.5	37.5
>>END_MODULE
>>Per sequence quality scores	pass
#Quality	Count
2	182.0
3	0.0
4	0.0
5	0.0
6	0.0
7	0.0
8	0.0
9	0.0
10	0.0
11	0.0
12	0.0
13	0.0
14	4.0
15	3.0
16	6.0
17	10.0
18	23.0
19	45.0
20	74.0
21	134.0
22	239.0
23	357.0
24	556.0
25	790.0
26	1133.0
27	1591.0
28	2292.0
29	3212.0
30	4397.0
31	5931.0
32	8315.0
33	11066.0
34	15739.0
35	24018.0
36	45147.0
37	181636.0
>>END_MODULE
>>Per base sequence content	fail
#Base	G	A	T	C
1	33.08707020781304	29.959767604118444	16.85489602827353	20.098266159794992
2	11.435585782379906	23.743634217750508	46.77814800565992	18.042631994209664
3	12.947071903181422	33.303229676771494	36.66103717421214	17.088661245834935
4	9.144230204943955	21.99153619937532	50.18420829556791	18.680025300112806
5	8.60138628968629	41.43969379038726	41.39307115982759	8.565848760098852
6	18.851192300419278	49.43400778565327	22.717610313056294	8.997189600871158
7	18.03643737896048	37.87322556876349	30.994268350732597	13.096068701543437
8	18.223253933580683	42.16772409835745	25.57202381340515	14.036998154656722
9	20.326488826870285	20.344420607854772	29.71002679986176	29.619063765413177
10-14	18.352949614955758	28.878383401039393	35.022268011658916	17.746398972345933
15-19	16.509823355655683	35.037461120638504	32.18363447857641	16.2690810451294
20-24	16.566226957661435	33.413754654112246	33.643542276618916	16.376476111607406
25-29	16.79444962473673	33.499370757503634	33.17998943655084	16.526190181208797
30-34	16.700487092378015	33.371240031559935	33.279103280537825	16.649169595524228
35-39	16.742280741476858	33.42094256484073	33.1806914299771	16.656085263705307
40-44	16.826616780371662	33.29131808399997	33.24167162695168	16.64039350867668
45-49	16.859393945756413	33.32425686705754	33.18850355097606	16.627845636209983
50-54	16.72620529498624	33.374825961476404	33.27069922323166	16.628269520305704
55-59	16.8140732500043	33.225016171511946	33.114097457666354	16.8468131208174
60-64	16.76310259160748	33.36044970643868	33.15747567834133	16.718972023612512
65-69	16.730354834075563	33.202259766205735	33.2372052932785	16.830180106440203
70-74	16.81661816184543	33.21743269325793	33.19955011190059	16.766399032996052
75-79	16.737938307051493	33.37198110793897	33.10841817568967	16.781662409319868
80-84	16.7748553127468	33.25972231505061	33.21552842390126	16.74989394830133
85-89	16.770679248578723	33.29709225520595	33.04725575266942	16.88497274354589
90-94	16.792582918299203	33.364578060785576	33.117883579368204	16.724955441547017
95-99	16.73462570128811	33.259619420048594	33.18585871913244	16.81989615953085
100-104	16.750468233266076	33.29269868497096	33.05790756883633	16.898925512926645
105-109	16.8658723367537	33.199850433957245	33.12851893664296	16.805758292646097
110-114	16.740320011082634	33.22974958348979	33.22559359540362	16.80433681002395
115-119	16.78221513863965	33.21300788682199	33.1984177475343	16.80635922700405
120-124	16.783633349926312	33.291863441554185	33.15284391330182	16.771659295217685
125-129	16.755607079656873	33.24316615602602	33.16005287354207	16.84117389077504
130-134	16.835456098853598	33.24443096491379	33.10091565270545	16.819197283527163
135-139	16.86337919475419	33.19693674894667	33.084533394261754	16.855150662037385
140-144	16.650200091362937	33.27800890911186	33.18223309642712	16.889557903098083
145-149	16.783930870199157	33.14090620705125	33.08733797702927	16.987824945720316
150-154	16.859777704941664	33.15455117985925	33.08488019507876	16.90079092012033
155-159	16.691134186217933	33.16201666374583	33.22841801854482	16.918431131491417
160-164	16.734844893779467	33.21594375431956	33.113450258540524	16.935761093360448
165-169	16.77550405139333	33.14261202279351	33.13889002616563	16.942993899647526
170-174	16.668981603436965	33.261426607723585	33.10979026672861	16.95980152211084
175-179	16.76091082718261	33.20166143600055	33.05560438388415	16.981823352932697
180-184	16.740279716005745	33.32256980167259	33.022073728494156	16.915076753827503
185-189	16.69960141941777	33.240485360152036	33.18509190898236	16.87482131144784
190-194	16.763792142809137	33.186127533554895	33.00997920907776	17.040101114558198
195-199	16.70755952960341	33.1867679422331	33.18811052596837	16.917562002195126
200-204	16.71639410943581	33.29920590165753	33.007081249479995	16.977318739426657
205-209	16.696688374670916	33.20058482605725	33.10765290764622	16.995073891625616
210-214	16.749326331960887	33.31760823764489	33.06296048390483	16.87010494648939
215-219	16.566216994271752	33.26558672098311	33.16103054853053	17.007165736214606
220-224	16.738099357700136	33.19645552968276	33.007978888502926	17.05746622411418
225-229	16.618471622347737	33.31706323326538	33.100766608832615	16.96369853555427
230-234	16.57575097399566	33.252933304285584	33.07242227132676	17.098893450392
235-239	16.574135793806718	33.20878940967349	33.059979885863974	17.157094910655815
240-244	16.639824260297814	33.185221668922836	33.194437729646104	16.980516341133242
245-249	16.625888146765078	33.399800754376514	33.07540005764339	16.898911041215023
250-251	18.436444709789363	38.35565962051531	36.14666318401463	7.061232485680703
>>END_MODULE
>>Per sequence GC content	pass
#GC Content	Count
0	182.0
1	91.0
2	0.0
3	0.0
4	0.0
5	0.0
6	0.0
7	1.0
8	2.0
9	2.0
10	3.0
11	5.0
12	7.5
13	11.0
14	22.5
15	46.0
16	90.16666666666664
17	171.50000000000006
18	274.33333333333354
19	442.6666666666657
20	741.6666666666688
21	1180.1666666666695
22	1725.999999999971
23	2460.0
24	3436.3333333334704
25	4530.333333333447
26	5886.999999999681
27	7426.99999999918
28	9260.499999999556
29	11244.66666666767
30	13188.666666669184
31	15034.00000000398
32	16482.00000000503
33	17432.000000003503
34	17672.00000000318
35	17070.0000000042
36	15907.666666671352
37	14195.000000003265
38	12126.833333334993
39	9963.833333333427
40	7890.333333332422
41	6017.833333333004
42	4466.666666666774
43	3230.000000000075
44	2325.999999999985
45	1675.3333333333144
46	1232.1666666666665
47	924.6666666666733
48	708.5000000000026
49	545.9999999999978
50	464.4999999999969
51	401.33333333333104
52	304.166666666667
53	218.16666666666748
54	178.6666666666669
55	122.6666666666664
56	90.49999999999996
57	72.00000000000001
58	66.00000000000009
59	45.500000000000014
60	30.166666666666664
61	14.833333333333334
62	6.0
63	3.5
64	1.0
65	1.3333333333333333
66	1.3333333333333333
67	0.5
68	0.6666666666666666
69	0.3333333333333333
70	0.3333333333333333
71	0.0
72	0.5
73	0.5
74	0.3333333333333333
75	0.0
76	0.0
77	0.0
78	0.3333333333333333
79	0.0
80	0.0
81	0.3333333333333333
82	0.0
83	0.0
84	0.0
85	0.0
86	0.0
87	0.0
88	0.0
89	0.0
90	0.0
91	0.0
92	0.0
93	0.0
94	0.0
95	0.0
96	0.0
97	0.0
98	0.0
99	0.0
100	0.0
>>END_MODULE
>>Per base N content	pass
#Base	N-Count
1	0.059302704463994785
2	0.059302704463994785
3	0.059302704463994785
4	0.059302704463994785
5	0.059302704463994785
6	0.059302704463994785
7	0.059302704463994785
8	0.059302704463994785
9	0.059302704463994785
10-14	0.059302704463994785
15-19	0.059302704463994785
20-24	0.059302704463994785
25-29	0.059302704463994785
30-34	0.059302704463994785
35-39	0.01187412126609449
40-44	0.0
45-49	0.0
50-54	0.0
55-59	0.0
60-64	0.0
65-69	0.0
70-74	0.0
75-79	0.0
80-84	0.0
85-89	0.0
90-94	0.0
95-99	0.0
100-104	0.0
105-109	0.0
110-114	0.0
115-119	0.0
120-124	0.0
125-129	0.0
130-134	0.0
135-139	0.0
140-144	0.0
145-149	0.0
150-154	0.0
155-159	0.0
160-164	0.0
165-169	0.0
170-174	0.0
175-179	0.0
180-184	0.0
185-189	0.0
190-194	0.0
195-199	1.1188185276348177E-4
200-204	0.0
205-209	0.0
210-214	0.0
215-219	0.0
220-224	0.0
225-229	0.0
230-234	0.0
235-239	0.0
240-244	0.0
245-249	0.0
250-251	0.0
>>END_MODULE
>>Sequence Length Distribution	warn
#Length	Count
35-39	800.0
40-44	863.0
45-49	1081.0
50-54	1212.0
55-59	1407.0
60-64	1545.0
65-69	1728.0
70-74	1936.0
75-79	2115.0
80-84	2403.0
85-89	2559.0
90-94	3023.0
95-99	3184.0
100-104	3427.0
105-109	3703.0
110-114	4150.0
115-119	4355.0
120-124	4649.0
125-129	4767.0
130-134	5376.0
135-139	5625.0
140-144	5718.0
145-149	5796.0
150-154	5998.0
155-159	5939.0
160-164	6104.0
165-169	6242.0
170-174	6226.0
175-179	6130.0
180-184	6203.0
185-189	5832.0
190-194	5765.0
195-199	5697.0
200-204	5600.0
205-209	5647.0
210-214	5353.0
215-219	5184.0
220-224	5247.0
225-229	5001.0
230-234	4694.0
235-239	4502.0
240-244	4353.0
245-249	12100.0
250-252	117661.0
>>END_MODULE
>>Sequence Duplication Levels	pass
#Total Deduplicated Percentage	86.77393094574207
#Duplication Level	Percentage of total
1	76.39807654247387
2	16.791289875773455
3	4.390219082496366
4	1.3922163833965666
5	0.5355963428145425
6	0.17833819446694982
7	0.13470160780086585
8	0.053958365337863426
9	0.014993052498574598
>10	0.0513317094396348
>50	0.0
>100	0.0592788435012755
>500	0.0
>1k	0.0
>5k	0.0
>10k+	0.0
>>END_MODULE
>>Overrepresented sequences	pass
>>END_MODULE
>>Adapter Content	pass
#Position	Illumina Universal Adapter	Illumina Small RNA 3' Adapter	Illumina Small RNA 5' Adapter	Nextera Transposase Sequence	PolyA	PolyG
1	0.0	0.0	0.0	0.0	0.0	0.0032583903551645487
2	0.0	0.0	0.0	0.0	0.0	0.0032583903551645487
3	0.0	0.0	0.0	0.0	0.0	0.0032583903551645487
4	0.0	0.0	0.0	0.0	0.0	0.0032583903551645487
5	0.0	0.0	0.0	0.0	0.0	0.0032583903551645487
6	0.0	0.0	0.0	0.0	0.0	0.0032583903551645487
7	0.0	0.0	0.0	0.0	0.0	0.0032583903551645487
8	0.0	0.0	0.0	0.0	0.0	0.0032583903551645487
9	0.0	0.0	0.0	0.0	0.0	0.0032583903551645487
10-14	0.0	0.0	0.0	0.0	0.0	0.003258390355164549
15-19	0.0	0.0	0.0	0.0	0.0	0.003258390355164549
20-24	0.0	0.0	0.0	0.0	0.0	0.003258390355164549
25-29	0.0	0.0	0.0	0.0	0.0	0.003258390355164549
30-34	0.0	0.0	0.0	2.606712284131639E-4	0.0	0.003258390355164549
35-39	0.0	0.0	0.0	3.9100684261974585E-4	0.0	0.003258390355164549
40-44	0.0	0.0	0.0	0.0011078527207559466	0.0	0.003258390355164549
45-49	0.0	0.0	0.0	0.0016291951775822746	0.0	0.003258390355164549
50-54	0.0	0.0	0.0	0.0016943629846855653	0.0	0.003258390355164549
55-59	0.0	0.0	0.0	0.002411208862821766	0.0	0.003258390355164549
60-64	0.0	0.0	0.0	0.004170739654610622	0.0	0.003258390355164549
65-69	0.0	0.0	0.0	0.005213424568263278	3.2583903551645487E-4	0.003258390355164549
70-74	0.0	0.0	0.0	0.0065167807103290966	3.2583903551645487E-4	0.003258390355164549
75-79	0.0	0.0	0.0	0.007754969045291627	3.2583903551645487E-4	0.003258390355164549
80-84	0.0	0.0	0.0	0.008797653958944282	3.2583903551645487E-4	0.003258390355164549
85-89	0.0	0.0	0.0	0.010166177908113392	3.2583903551645487E-4	0.003258390355164549
90-94	0.0	0.0	0.0	0.012251547735418705	3.2583903551645487E-4	0.003258390355164549
95-99	0.0	0.0	0.0	0.01414141414141414	3.2583903551645487E-4	0.003258390355164549
100-104	0.0	0.0	0.0	0.016291951775822745	3.9100684261974585E-4	0.003258390355164549
105-109	0.0	0.0	0.0	0.01870316063864451	9.775171065493646E-4	0.003258390355164549
110-114	0.0	0.0	0.0	0.022352557836428803	0.0013033561420658195	0.003258390355164549
115-119	0.0	0.0	0.0	0.02508960573476703	0.0014988595633756924	0.003258390355164549
120-124	0.0	0.0	0.0	0.028413163897034865	0.002215705441511893	0.003258390355164549
125-129	0.0	0.0	0.0	0.03336591723688498	0.00267188009123493	0.003258390355164549
130-134	0.0	0.0	0.0	0.03844900619094167	0.0039100684261974585	0.003258390355164549
135-139	0.0	0.0	0.0	0.04229390681003584	0.004561746497230368	0.003258390355164549
140-144	0.0	0.0	0.0	0.04659498207885304	0.005213424568263278	0.003258390355164549
145-149	0.0	0.0	0.0	0.05011404366243076	0.005474095796676443	0.003258390355164549
150-154	0.0	0.0	0.0	0.0555881394591072	0.0063864450961225155	0.003258390355164549
155-159	0.0	0.0	0.0	0.05949820788530465	0.007494297816878462	0.003258390355164549
160-164	0.0	0.0	0.0	0.06464646464646465	0.008406647116324537	0.003258390355164549
165-169	0.0	0.0	0.0	0.0685565330726621	0.00997067448680352	0.003258390355164549
170-174	0.0	0.0	0.0	0.07350928641251223	0.011469534050179213	0.003258390355164549
175-179	0.0	0.0	0.0	0.08035190615835777	0.014402085369827306	0.003258390355164549
180-184	0.0	0.0	0.0	0.08752036493971978	0.018377321603128056	0.003258390355164549
185-189	0.0	0.0	0.0	0.09560117302052787	0.02072336265884653	0.003258390355164549
190-194	0.0	0.0	0.0	0.10081459758879115	0.024372759856630823	0.003258390355164549
195-199	0.0	0.0	0.0	0.10426849136526557	0.029064841968067773	0.003258390355164549
200-204	0.0	0.0	0.0	0.11013359400456176	0.03401759530791789	0.003258390355164549
205-209	0.0	0.0	0.0	0.1148256761159987	0.03897034864776801	0.003258390355164549
210-214	0.0	0.0	0.0	0.12160312805474097	0.04281524926686218	0.003258390355164549
215-219	0.0	0.0	0.0	0.12759856630824373	0.048745519713261645	0.003258390355164549
220-224	0.0	0.0	0.0	0.13307266210492016	0.054610622352557835	0.003258390355164549
225-229	0.0	0.0	0.0	0.13958944281524927	0.060149885956337565	0.003258390355164549
230-234	0.0	0.0	0.0	0.14832192896709026	0.0656891495601173	0.003258390355164549
235-239	0.0	0.0	0.0	0.15418703160638644	0.07266210492016943	0.003258390355164549
240	0.0	0.0	0.0	0.15542521994134897	0.07754969045291626	0.0032583903551645487
>>END_MODULE
