##FastQC	0.12.1
>>Basic Statistics	pass
#Measure	Value
Filename	ERR13346999_1.gz
File type	Conventional base calls
Encoding	Sanger / Illumina 1.9
Total Sequences	1150033
Total Bases	209.8 Mbp
Sequences flagged as poor quality	0
Sequence length	35-251
%GC	34
>>END_MODULE
>>Per base sequence quality	pass
#Base	Mean	Median	Lower Quartile	Upper Quartile	10th Percentile	90th Percentile
1	33.64378848259137	34.0	34.0	34.0	34.0	34.0
2	33.61643274584294	34.0	34.0	34.0	34.0	34.0
3	33.653469074365695	34.0	34.0	34.0	34.0	34.0
4	33.66952948306701	34.0	34.0	34.0	34.0	34.0
5	33.672553744109955	34.0	34.0	34.0	34.0	34.0
6	37.49606228690829	38.0	38.0	38.0	37.0	38.0
7	37.455625186407694	38.0	38.0	38.0	37.0	38.0
8	37.325128931082844	38.0	38.0	38.0	37.0	38.0
9	37.32351854251139	38.0	38.0	38.0	37.0	38.0
10-14	37.27490341581502	38.0	38.0	38.0	37.0	38.0
15-19	37.243915261562066	38.0	38.0	38.0	36.8	38.0
20-24	37.22763155492059	38.0	38.0	38.0	36.6	38.0
25-29	37.11231121193914	38.0	38.0	38.0	36.2	38.0
30-34	37.047365249518926	38.0	38.0	38.0	36.0	38.0
35-39	37.0127623887609	38.0	38.0	38.0	36.0	38.0
40-44	36.929011168051865	38.0	38.0	38.0	35.8	38.0
45-49	36.90998363442713	38.0	38.0	38.0	36.0	38.0
50-54	36.91922583949099	38.0	38.0	38.0	35.8	38.0
55-59	36.78515522987751	38.0	37.8	38.0	35.0	38.0
60-64	36.76783499297266	38.0	37.8	38.0	35.0	38.0
65-69	36.800472749927806	38.0	38.0	38.0	35.2	38.0
70-74	36.78393227439146	38.0	38.0	38.0	35.4	38.0
75-79	36.74429665429259	38.0	37.8	38.0	35.0	38.0
80-84	36.715716590938754	38.0	37.2	38.0	34.8	38.0
85-89	36.667525940962705	38.0	37.4	38.0	34.4	38.0
90-94	36.707061497234086	38.0	37.0	38.0	35.0	38.0
95-99	36.570954679758486	38.0	37.0	38.0	34.2	38.0
100-104	36.53402011818094	38.0	37.0	38.0	34.0	38.0
105-109	36.60201591360815	38.0	37.0	38.0	34.2	38.0
110-114	36.429117585015305	38.0	37.0	38.0	34.0	38.0
115-119	36.454616356078105	38.0	37.0	38.0	34.0	38.0
120-124	36.32613552399558	38.0	37.0	38.0	33.6	38.0
125-129	36.263767978596135	38.0	37.0	38.0	33.2	38.0
130-134	36.343192899019506	38.0	37.0	38.0	34.0	38.0
135-139	36.22054646374121	38.0	37.0	38.0	33.0	38.0
140-144	35.92209521329106	38.0	37.0	38.0	31.8	38.0
145-149	35.80335077644112	38.0	37.0	38.0	31.0	38.0
150-154	35.740880807621735	38.0	36.8	38.0	31.0	38.0
155-159	35.891212287611964	38.0	37.0	38.0	31.6	38.0
160-164	35.88713062438178	38.0	37.0	38.0	31.2	38.0
165-169	35.67245596719302	38.0	36.8	38.0	30.6	38.0
170-174	35.583502829771206	38.0	36.2	38.0	30.2	38.0
175-179	35.67241766588165	38.0	36.4	38.0	30.4	38.0
180-184	35.46940744358193	38.0	36.2	38.0	29.2	38.0
185-189	35.32658137681388	38.0	36.0	38.0	28.2	38.0
190-194	35.14768177349622	38.0	35.8	38.0	27.6	38.0
195-199	34.77710039261751	37.8	35.2	38.0	26.6	38.0
200-204	34.7257203737844	37.6	35.0	38.0	26.2	38.0
205-209	34.490596748893395	37.2	34.8	38.0	25.4	38.0
210-214	34.13325825831815	37.0	34.6	38.0	24.2	38.0
215-219	33.89202316837222	37.0	34.0	38.0	23.4	38.0
220-224	33.90322588412669	37.0	33.8	37.8	24.0	38.0
225-229	34.178841911176775	37.0	34.6	38.0	24.0	38.0
230-234	33.75759725528714	37.0	33.8	37.6	22.8	38.0
235-239	33.15354802279489	37.0	32.2	37.2	21.4	38.0
240-244	32.85058046909139	37.0	31.8	37.0	21.0	37.6
245-249	32.36498500937897	36.6	31.2	37.0	19.8	37.2
250-251	28.898444271191337	32.0	24.5	36.0	14.5	37.5
>>END_MODULE
>>Per sequence quality scores	pass
#Quality	Count
2	1349.0
3	0.0
4	0.0
5	0.0
6	0.0
7	0.0
8	0.0
9	0.0
10	0.0
11	0.0
12	2.0
13	9.0
14	22.0
15	70.0
16	172.0
17	398.0
18	569.0
19	719.0
20	914.0
21	1143.0
22	1518.0
23	1985.0
24	2461.0
25	3216.0
26	4332.0
27	5795.0
28	7842.0
29	11124.0
30	15399.0
31	20765.0
32	28094.0
33	38671.0
34	53543.0
35	80240.0
36	149680.0
37	720001.0
>>END_MODULE
>>Per base sequence content	fail
#Base	G	A	T	C
1	33.813564043723076	28.957572317539025	16.421922826469245	20.80694081226865
2	11.527452284527337	23.128467010944696	47.73775903555721	17.606321668970754
3	13.867956722649572	32.293737877431916	36.27890699269773	17.559398407220787
4	9.49486542861222	21.314565189381938	49.014524447106425	20.176044934899416
5	8.95973130991639	40.537171232471245	41.13124236082334	9.371855096789021
6	19.922189218270645	48.30884734182769	22.224824233644764	9.544139206256899
7	18.63880753975854	37.54209164574417	30.21109373857388	13.608007075923403
8	17.77677759940941	43.21614995943184	24.98789919594945	14.019173245209302
9	20.525053017191848	20.642143531206145	29.36821614995943	29.464587301642574
10-14	18.827075157310453	28.44742331224253	34.47766313450871	18.24783839593831
15-19	16.97840311173482	34.55667529102869	31.747321282441472	16.717600314795018
20-24	16.981223730808473	32.950489429642964	33.29051331784895	16.777773521699615
25-29	17.20211999122474	32.98066308923951	32.8284018929488	16.988815026586945
30-34	17.149764426073663	32.985433765944336	32.88897555811694	16.975826249865065
35-39	17.123528837572515	32.9895275546631	32.85264321173583	17.03430039602856
40-44	17.185026806117527	32.94934513808485	32.804662475391694	17.060965580405924
45-49	17.257209775548034	32.91983260040131	32.75670264536632	17.06625497868434
50-54	17.139186031517507	32.90927628194864	32.86678319349641	17.08475449303744
55-59	17.169137280965085	32.722645139448524	32.85909882064778	17.249118758938607
60-64	17.2193181562802	32.914902128233365	32.75783985437221	17.107939861114232
65-69	17.166727982539754	32.7771448754768	32.855238753855964	17.200888388127485
70-74	17.120821351627896	32.72783849728821	32.91862446665776	17.232715684426132
75-79	17.261504538350188	32.825741554807486	32.68118820376604	17.231565703076285
80-84	17.128225157491052	32.795587295067094	32.89523155365358	17.180955993788274
85-89	17.17044025764694	32.696620935868744	32.79682454369103	17.336114262793288
90-94	17.249185992348192	32.814636662082854	32.706844730080476	17.229332615488477
95-99	17.084388192231668	32.84156383091496	32.81212001696088	17.261927959892496
100-104	17.167679679153068	32.68774667543999	32.788764019127534	17.355809626279402
105-109	17.281005555280014	32.768168168894704	32.67965949766592	17.271166778159365
110-114	17.097473568209054	32.74095457593733	32.82754138872259	17.334030467131026
115-119	17.16685483300753	32.71528331011065	32.78563325334603	17.332228603535793
120-124	17.23260600151737	32.71416151435153	32.73304284689299	17.320189637238105
125-129	17.13134060042322	32.65922631350275	32.87193557068702	17.33749751538701
130-134	17.263005179569625	32.69735076603417	32.6651209284721	17.374523125924096
135-139	17.253793477218473	32.6672451670565	32.70915819369484	17.369803162030188
140-144	17.105962236551893	32.666823344259285	32.85323298309031	17.373981436098518
145-149	17.21010265405524	32.62590991518335	32.64791003779077	17.51607739297064
150-154	17.193831027237046	32.656881264283875	32.73770867091352	17.41157903756556
155-159	17.149559541758997	32.58152422553478	32.83247204286959	17.43644418983664
160-164	17.199079933465672	32.650022434265125	32.6175760692358	17.5333215630334
165-169	17.199986464110104	32.561214054612726	32.726397795714746	17.512401685562427
170-174	17.138081273239493	32.648168450584805	32.699950460282864	17.51379981589283
175-179	17.18464356712586	32.57063974106671	32.62077560113084	17.623941090676603
180-184	17.22465604947367	32.516950781150335	32.6874618870483	17.570931282327695
185-189	17.03208193643854	32.61444406006241	32.73461941567935	17.618854587819705
190-194	17.15490040776457	32.54701037099844	32.62410179361985	17.67398742761713
195-199	17.159911170898322	32.487139695410875	32.675732445543325	17.677216688147475
200-204	17.113240195327734	32.62164171917455	32.64354741181281	17.621570673684907
205-209	17.10160961745078	32.60032460431846	32.53533734240278	17.762728435827984
210-214	17.034842785535957	32.58904626544671	32.67539760050736	17.700713348509968
215-219	17.004892223938793	32.77652100345766	32.46004377252998	17.75854300007357
220-224	17.089458687248953	32.55676304030202	32.52791978569704	17.825858486751976
225-229	17.069070560983636	32.611377915166536	32.562821621555315	17.756729902294516
230-234	16.993839029687617	32.58245271970227	32.562502089424115	17.861206161185994
235-239	16.929766593835055	32.518309320891674	32.63108268112835	17.92084140414492
240-244	16.952815838661188	32.57534254795071	32.638586785314615	17.833254828073482
245-249	16.969983035599864	32.72302095744181	32.53282173676377	17.77417427019455
250-251	18.720965227725216	37.756586359637616	36.0038893090303	7.518559103606871
>>END_MODULE
>>Per sequence GC content	pass
#GC Content	Count
0	1349.0
1	674.5
2	0.0
3	0.0
4	0.0
5	0.0
6	0.0
7	1.0
8	2.5
9	7.5
10	13.5
11	19.0
12	32.83333333333333
13	53.833333333333336
14	92.83333333333333
15	154.00000000000003
16	277.33333333333337
17	512.9999999999998
18	830.8333333333344
19	1341.1666666666663
20	2138.999999999993
21	3245.166666666689
22	4870.500000000001
23	7125.333333333137
24	9960.833333333372
25	13880.83333333429
26	18886.500000000473
27	24877.49999999653
28	31868.833333323662
29	40086.50000000117
30	48711.66666668616
31	57346.00000004052
32	64938.66666672685
33	70408.50000004037
34	73215.16666669276
35	73423.83333335872
36	70391.0000000399
37	64825.00000005963
38	56960.166666705445
39	48113.000000017564
40	39304.499999999905
41	30951.833333324317
42	23618.499999997068
43	17349.500000001284
44	12778.833333334074
45	9444.666666666615
46	6790.166666666485
47	4981.333333333318
48	3878.666666666761
49	3027.6666666667084
50	2381.9999999999973
51	1985.6666666666224
52	1508.3333333333148
53	1089.8333333333435
54	879.8333333333416
55	693.3333333333355
56	514.6666666666648
57	415.3333333333325
58	326.9999999999999
59	212.3333333333335
60	135.66666666666663
61	80.33333333333334
62	38.666666666666664
63	18.5
64	6.833333333333333
65	3.3333333333333335
66	2.833333333333333
67	1.3333333333333333
68	1.6666666666666665
69	2.1666666666666665
70	1.0
71	1.3333333333333333
72	1.3333333333333333
73	0.6666666666666666
74	1.4999999999999998
75	1.4999999999999998
76	0.3333333333333333
77	0.6666666666666666
78	0.3333333333333333
79	0.3333333333333333
80	1.0
81	1.4999999999999998
82	0.5
83	0.3333333333333333
84	0.6666666666666666
85	0.3333333333333333
86	0.0
87	0.0
88	0.0
89	0.0
90	0.0
91	0.3333333333333333
92	0.8333333333333333
93	0.5
94	0.0
95	0.0
96	0.0
97	0.0
98	0.0
99	0.0
100	0.0
>>END_MODULE
>>Per base N content	pass
#Base	N-Count
1	0.11730098179791362
2	0.11730098179791362
3	0.11730098179791362
4	0.11730098179791362
5	0.11730098179791362
6	0.11730098179791362
7	0.11730098179791362
8	0.11730098179791362
9	0.11730098179791362
10-14	0.11730098179791362
15-19	0.11730098179791362
20-24	0.11730098179791362
25-29	0.11730098179791362
30-34	0.11730098179791362
35-39	0.023508667797429522
40-44	0.0
45-49	0.0
50-54	0.0
55-59	0.0
60-64	0.0
65-69	0.0
70-74	0.0
75-79	0.0
80-84	0.0
85-89	0.0
90-94	0.0
95-99	0.0
100-104	0.0
105-109	0.0
110-114	0.0
115-119	0.0
120-124	0.0
125-129	0.0
130-134	0.0
135-139	0.0
140-144	0.0
145-149	0.0
150-154	0.0
155-159	0.0
160-164	0.0
165-169	0.0
170-174	0.0
175-179	0.0
180-184	0.0
185-189	0.0
190-194	0.0
195-199	0.0
200-204	0.0
205-209	0.0
210-214	0.0
215-219	0.0
220-224	0.0
225-229	0.0
230-234	0.0
235-239	0.0
240-244	0.0
245-249	0.0
250-251	0.0
>>END_MODULE
>>Sequence Length Distribution	warn
#Length	Count
35-39	5342.0
40-44	5653.0
45-49	6912.0
50-54	7547.0
55-59	8555.0
60-64	9101.0
65-69	10016.0
70-74	10788.0
75-79	11768.0
80-84	12983.0
85-89	13691.0
90-94	15142.0
95-99	15842.0
100-104	17528.0
105-109	18241.0
110-114	19572.0
115-119	20461.0
120-124	22296.0
125-129	22743.0
130-134	24384.0
135-139	25341.0
140-144	26341.0
145-149	26925.0
150-154	27582.0
155-159	27793.0
160-164	28545.0
165-169	28593.0
170-174	28360.0
175-179	28057.0
180-184	27342.0
185-189	27198.0
190-194	26859.0
195-199	25720.0
200-204	25071.0
205-209	24521.0
210-214	23049.0
215-219	22823.0
220-224	21565.0
225-229	20886.0
230-234	19734.0
235-239	18635.0
240-244	17519.0
245-249	36694.0
250-252	286315.0
>>END_MODULE
>>Sequence Duplication Levels	warn
#Total Deduplicated Percentage	67.27627926677268
#Duplication Level	Percentage of total
1	49.14268345985071
2	22.01342991947939
3	11.651242291919234
4	6.462634041664759
5	3.724727000693842
6	2.167246474083564
7	1.428614672450358
8	0.924847470313288
9	0.5817836291010986
>10	1.7672972944548841
>50	0.018335674242881475
>100	0.0
>500	0.0
>1k	0.1171580717459578
>5k	0.0
>10k+	0.0
>>END_MODULE
>>Overrepresented sequences	warn
#Sequence	Count	Percentage	Possible Source
NNNNNNNNNNNNNNNNNNNNNNNNNNNNNNNNNNN	1349	0.11730098179791362	No Hit
>>END_MODULE
>>Adapter Content	pass
#Position	Illumina Universal Adapter	Illumina Small RNA 3' Adapter	Illumina Small RNA 5' Adapter	Nextera Transposase Sequence	PolyA	PolyG
1	0.0	0.0	0.0	0.0	0.0	0.003912931194148342
2	0.0	0.0	0.0	0.0	0.0	0.003912931194148342
3	0.0	0.0	0.0	0.0	0.0	0.003912931194148342
4	0.0	0.0	0.0	0.0	0.0	0.003912931194148342
5	0.0	0.0	0.0	0.0	0.0	0.003912931194148342
6	0.0	0.0	0.0	0.0	0.0	0.003912931194148342
7	0.0	0.0	0.0	0.0	0.0	0.003912931194148342
8	0.0	0.0	0.0	0.0	0.0	0.003912931194148342
9	0.0	0.0	0.0	0.0	0.0	0.003912931194148342
10-14	0.0	0.0	0.0	0.0	5.21724159219779E-5	0.003912931194148342
15-19	0.0	0.0	0.0	0.0	8.695402653662982E-5	0.003912931194148342
20-24	0.0	0.0	0.0	0.0	8.695402653662982E-5	0.003912931194148342
25-29	0.0	0.0	0.0	8.695402653662982E-5	8.695402653662982E-5	0.003912931194148342
30-34	0.0	0.0	0.0	3.999885220684972E-4	1.5651724776593367E-4	0.003912931194148342
35-39	0.0	0.0	0.0	0.0012695287874347953	1.7390805307325964E-4	0.003912931194148342
40-44	0.0	0.0	0.0	0.00262601160140622	1.7390805307325964E-4	0.003912931194148342
45-49	0.0	0.0	0.0	0.004121620857836254	1.7390805307325964E-4	0.003912931194148342
50-54	0.0	0.0	0.0	0.005808528972646871	2.4347127430256353E-4	0.003912931194148342
55-59	0.0	0.0	0.0	0.0076171727246087725	2.608620796098895E-4	0.003912931194148342
60-64	0.0	0.0	0.0	0.00982580499863917	3.304253008391933E-4	0.00396510361007032
65-69	0.0	0.0	0.0	0.011773575193059677	3.478161061465193E-4	0.003999885220684972
70-74	0.0	0.0	0.0	0.014103943104241356	3.478161061465193E-4	0.003999885220684972
75-79	0.0	0.0	0.0	0.01652126504195967	3.478161061465193E-4	0.003999885220684972
80-84	0.0	0.0	0.0	0.018851632953141344	3.478161061465193E-4	0.003999885220684972
85-89	0.0	0.0	0.0	0.02137329972270361	4.3477013268314915E-4	0.003999885220684972
90-94	0.0	0.0	0.0	0.023668886023270636	4.521609379904751E-4	0.003999885220684972
95-99	0.0	0.0	0.0	0.026920966615740588	6.608506016783867E-4	0.004034666831299624
100-104	0.0	0.0	0.0	0.029877403517986005	0.0012521379821274694	0.00413901166314358
105-109	0.0	0.0	0.0	0.033494691021909814	0.002260804689952375	0.004173793273758232
110-114	0.0	0.0	0.0	0.037320668189521525	0.003547724282694496	0.004173793273758232
115-119	0.0	0.0	0.0	0.042607473002948607	0.004330310521524165	0.004173793273758232
120-124	0.0	0.0	0.0	0.0464856225864823	0.005756356556724894	0.004173793273758232
125-129	0.0	0.0	0.0	0.05286804813427093	0.007530218698072143	0.004173793273758232
130-134	0.0	0.0	0.0	0.06020696797396248	0.009269299228804737	0.004173793273758232
135-139	0.0	0.0	0.0	0.06592854292007273	0.011234460228532573	0.004173793273758232
140-144	0.0	0.0	0.0	0.0718761983351782	0.013130058007031103	0.004173793273758232
145-149	0.0	0.0	0.0	0.07820645146704486	0.015616943165978716	0.0042607473002948615
150-154	0.0	0.0	0.0	0.08691924492601517	0.018034265103697024	0.0042607473002948615
155-159	0.0	0.0	0.0	0.0961189809335906	0.02067766751041057	0.0042607473002948615
160-164	0.0	0.0	0.0	0.10260575131322318	0.023321069917124116	0.0042607473002948615
165-169	0.0	0.0	0.0	0.10952729182553891	0.026155771182218245	0.0042607473002948615
170-174	0.0	0.0	0.0	0.11801400481551398	0.02956436902245414	0.0042607473002948615
175-179	0.0	0.0	0.0	0.12703983277001615	0.03269471397777281	0.0042607473002948615
180-184	0.0	0.0	0.0	0.13683085615804066	0.03599896698616474	0.0042607473002948615
185-189	0.0	0.0	0.0	0.14618710941338203	0.04027710509176693	0.0042607473002948615
190-194	0.0	0.0	0.0	0.15359559247430293	0.044920450108822965	0.0042607473002948615
195-199	0.0	0.0	0.0	0.16302140895087358	0.05034638136470866	0.0042607473002948615
200-204	0.0	0.0	0.0	0.17157768516207797	0.0559288298683603	0.0042607473002948615
205-209	0.0	0.0	0.0	0.1797861452671358	0.06232864622145625	0.0042607473002948615
210-214	0.0	0.0	0.0	0.188011996177501	0.06998060055667968	0.0042607473002948615
215-219	0.0	0.0	0.0	0.19642914594624677	0.07646737093631226	0.0042607473002948615
220-224	0.0	0.0	0.0	0.20578539920158817	0.08389324480254044	0.0042607473002948615
225-229	0.0	0.0	0.0	0.21500252601447087	0.09119738303161735	0.0042607473002948615
230-234	0.0	0.0	0.0	0.22428921604858293	0.0988667281721481	0.0042607473002948615
235-239	0.0	0.0	0.0	0.23206290602095767	0.1064839008967569	0.0042607473002948615
240	0.0	0.0	0.0	0.232775929038558	0.11225764825878909	0.0042607473002948615
>>END_MODULE
