##FastQC	0.12.1
>>Basic Statistics	pass
#Measure	Value
Filename	ERR13347006_1.gz
File type	Conventional base calls
Encoding	Sanger / Illumina 1.9
Total Sequences	789931
Total Bases	140.2 Mbp
Sequences flagged as poor quality	0
Sequence length	35-251
%GC	33
>>END_MODULE
>>Per base sequence quality	pass
#Base	Mean	Median	Lower Quartile	Upper Quartile	10th Percentile	90th Percentile
1	33.68754865931328	34.0	34.0	34.0	34.0	34.0
2	33.644808217426586	34.0	34.0	34.0	34.0	34.0
3	33.68594218988747	34.0	34.0	34.0	34.0	34.0
4	33.68269886863536	34.0	34.0	34.0	34.0	34.0
5	33.681262034278944	34.0	34.0	34.0	34.0	34.0
6	37.516051401957895	38.0	38.0	38.0	37.0	38.0
7	37.472718503261675	38.0	38.0	38.0	37.0	38.0
8	37.35863385536205	38.0	38.0	38.0	37.0	38.0
9	37.34522129147989	38.0	38.0	38.0	37.0	38.0
10-14	37.304914986245635	38.0	38.0	38.0	37.0	38.0
15-19	37.2745394217976	38.0	38.0	38.0	37.0	38.0
20-24	37.26457576674419	38.0	38.0	38.0	37.0	38.0
25-29	37.16140498347324	38.0	38.0	38.0	36.4	38.0
30-34	37.10188307586359	38.0	38.0	38.0	36.0	38.0
35-39	37.07177377145966	38.0	38.0	38.0	36.0	38.0
40-44	36.992526008806024	38.0	38.0	38.0	36.0	38.0
45-49	36.97324047132198	38.0	38.0	38.0	36.0	38.0
50-54	36.98520601345258	38.0	38.0	38.0	36.0	38.0
55-59	36.86665301914634	38.0	38.0	38.0	35.8	38.0
60-64	36.848546879946774	38.0	38.0	38.0	35.2	38.0
65-69	36.87733233227742	38.0	38.0	38.0	35.6	38.0
70-74	36.86683493166189	38.0	38.0	38.0	35.6	38.0
75-79	36.83167265360981	38.0	38.0	38.0	35.2	38.0
80-84	36.806938398102965	38.0	37.8	38.0	35.2	38.0
85-89	36.76161628327052	38.0	37.8	38.0	35.2	38.0
90-94	36.800076603065385	38.0	38.0	38.0	35.2	38.0
95-99	36.66559061402796	38.0	37.2	38.0	34.6	38.0
100-104	36.63600608529943	38.0	37.0	38.0	34.4	38.0
105-109	36.69801988426529	38.0	37.4	38.0	34.8	38.0
110-114	36.53660100072901	38.0	37.0	38.0	34.0	38.0
115-119	36.563197380883764	38.0	37.0	38.0	34.2	38.0
120-124	36.44068195690199	38.0	37.0	38.0	34.0	38.0
125-129	36.38328190675931	38.0	37.0	38.0	34.0	38.0
130-134	36.4575797954618	38.0	37.0	38.0	34.0	38.0
135-139	36.34310082514906	38.0	37.0	38.0	33.8	38.0
140-144	36.06505643093167	38.0	37.0	38.0	32.4	38.0
145-149	35.95215330129512	38.0	37.0	38.0	31.8	38.0
150-154	35.89209137118464	38.0	37.0	38.0	31.4	38.0
155-159	36.0366982465685	38.0	37.0	38.0	32.2	38.0
160-164	36.03189326821253	38.0	37.0	38.0	32.2	38.0
165-169	35.83264475278536	38.0	37.0	38.0	31.2	38.0
170-174	35.7483414069682	38.0	36.8	38.0	30.8	38.0
175-179	35.834566701773376	38.0	37.0	38.0	31.2	38.0
180-184	35.65753062238439	38.0	36.8	38.0	30.4	38.0
185-189	35.52869037592707	38.0	36.4	38.0	29.6	38.0
190-194	35.35928728580078	38.0	36.4	38.0	29.0	38.0
195-199	35.01881448487178	37.8	35.6	38.0	27.6	38.0
200-204	34.98110725375188	37.8	35.2	38.0	27.6	38.0
205-209	34.762043678577754	37.4	35.2	38.0	26.8	38.0
210-214	34.42843235206344	37.0	34.6	38.0	25.2	38.0
215-219	34.20890808761512	37.0	34.2	38.0	24.6	38.0
220-224	34.24065867871996	37.0	34.2	37.8	24.8	38.0
225-229	34.55990268941625	37.0	35.0	38.0	25.2	38.0
230-234	34.16464326397609	37.0	34.4	37.8	24.2	38.0
235-239	33.62354334948694	37.0	33.6	37.2	23.0	38.0
240-244	33.360532051589225	37.0	33.4	37.0	22.4	37.6
245-249	32.93660326659426	37.0	32.2	37.2	21.4	37.4
250-251	29.53702209622349	32.5	26.0	36.5	15.5	37.5
>>END_MODULE
>>Per sequence quality scores	pass
#Quality	Count
2	827.0
3	0.0
4	0.0
5	0.0
6	0.0
7	0.0
8	0.0
9	0.0
10	0.0
11	0.0
12	0.0
13	1.0
14	4.0
15	33.0
16	82.0
17	141.0
18	208.0
19	329.0
20	436.0
21	572.0
22	897.0
23	1126.0
24	1408.0
25	1868.0
26	2609.0
27	3534.0
28	4970.0
29	6985.0
30	9786.0
31	13405.0
32	18539.0
33	25171.0
34	35146.0
35	52196.0
36	97684.0
37	511974.0
>>END_MODULE
>>Per base sequence content	fail
#Base	G	A	T	C
1	33.190935542083174	29.760842677264343	16.609977898984166	20.43824388166832
2	11.586305480646404	23.46674202639956	47.04589002210102	17.90106247085302
3	13.564498469149822	32.87728867170867	36.25707131125935	17.301141547882153
4	9.413081165473752	21.61907682637523	49.51413248443804	19.45370952371297
5	8.900221010158358	40.88396459782234	41.28657312597579	8.929241266043512
6	19.408595064782336	48.70815507208175	22.50894685618119	9.374303006954724
7	18.26806099069324	37.523444311522944	30.744236501145604	13.464258196638212
8	17.857722176037633	42.88015267949472	25.263083193089887	13.999041951377766
9	20.243846185040248	20.491468805125816	29.906704312739514	29.357980697094426
10-14	18.593594760639913	28.776257628905693	34.59614955696588	18.033998053488514
15-19	16.721116608203733	34.885693140574624	32.02026602323648	16.37292422798516
20-24	16.710902491940228	33.235517751779234	33.565233479997566	16.488346276282975
25-29	16.936652203004925	33.29353291834789	33.048216711612156	16.72159816703502
30-34	16.852835621160203	33.22256635373791	33.138547010280014	16.786051014821872
35-39	16.88096407699787	33.24197126890591	33.11992400083631	16.757140653259906
40-44	16.922076214032213	33.19491498639436	33.068900935215936	16.814107864357496
45-49	16.980828811794435	33.1904880801075	33.04629273117014	16.782390376927925
50-54	16.90966954792814	33.17958285186787	33.030308116378	16.880439483825988
55-59	16.91483673670198	33.01352618423745	33.089510426162526	16.982126652898046
60-64	16.962600945808987	33.157129527271564	32.99999395632419	16.880275570595256
65-69	16.876424341981224	33.08926664212988	33.05344399318706	16.980865022701842
70-74	16.878652559543827	33.022135730651705	33.101521228295	16.99769048150947
75-79	17.00640415822012	33.14245212141658	32.921340935517776	16.929802784845517
80-84	16.835374169238467	33.131140772292746	33.03223531860064	17.00124973986814
85-89	16.934026323257164	33.012513006229476	33.02422424316131	17.029236427352043
90-94	16.98908903092517	33.12903063823072	32.94722419494839	16.934656135895725
95-99	16.84848431593947	33.14833771951021	32.99840223072608	17.004775733824236
100-104	16.964620251818676	33.04429005241655	32.92346932204715	17.067620373717627
105-109	16.994521331575445	33.05145136224027	32.94330198106097	17.01072532512331
110-114	16.845704093692106	33.03609750997688	33.073318904532165	17.044879491798852
115-119	16.910536667293872	32.99523702959311	32.99365012845803	17.100576174654986
120-124	17.01428914505283	33.01843179634966	32.97547096808624	16.99180809051126
125-129	16.910486559811027	32.989288984183524	33.053227647091596	17.046996808913857
130-134	16.9489028866286	32.99972066830906	32.95443131155635	17.096945133505997
135-139	17.012821105478228	33.01707988738149	32.968137648762024	17.00196135837826
140-144	16.854925689424984	33.040786756239605	33.03881333818086	17.065474216154552
145-149	16.955876016969672	32.98948200981826	32.83911830655484	17.21552366665723
150-154	16.975247393631435	32.99873476265084	32.91112573525367	17.11489210846405
155-159	16.884671673553036	32.98770429778884	33.013533473512624	17.114090555145502
160-164	16.947552025626116	33.058349879877575	32.780675099005016	17.213422995491296
165-169	16.929323885360915	32.94900619903549	32.95242453343154	17.169245382172065
170-174	16.9175314170424	33.00262181304925	32.928524010574314	17.15132275933403
175-179	16.98277942931081	32.987797773699604	32.75865883173061	17.27076396525898
180-184	16.959172504434218	33.00876214459199	32.80819401300295	17.22387133797084
185-189	16.91642759978265	32.9765168242711	32.922763292711885	17.18429228323437
190-194	17.01164212810482	32.88458087510595	32.78657386829515	17.31720312849409
195-199	17.002095185204734	32.906054006668796	32.83743841234071	17.254412395785764
200-204	16.88871134589185	33.06356072417669	32.83323843395152	17.214489495979944
205-209	16.966900791636217	32.88944429257625	32.83241623539199	17.31123868039555
210-214	16.90097011809461	32.98066464945334	32.85141007335165	17.266955159100398
215-219	16.87933881642142	33.07444071899096	32.74898974314006	17.29723072144757
220-224	16.93917165623546	32.97003198563394	32.780302023948536	17.310494334182064
225-229	16.937332513082684	32.97472668954404	32.80780905605874	17.280131741314538
230-234	16.74412247129579	33.04438863487524	32.80721465521903	17.40427423860994
235-239	16.8051644108125	32.89612669189063	32.807426766002266	17.491282131294614
240-244	16.757847035780358	33.093085013707444	32.83433319746094	17.314734753051255
245-249	16.778141910558304	33.19271340781887	32.78257898799205	17.24656569363077
250-251	18.547626135967988	38.34715080810782	35.81005050989257	7.295172546031618
>>END_MODULE
>>Per sequence GC content	pass
#GC Content	Count
0	827.0
1	413.5
2	0.0
3	0.0
4	0.0
5	0.0
6	0.5
7	1.0
8	1.5
9	2.833333333333333
10	5.0
11	15.0
12	33.5
13	55.0
14	95.33333333333333
15	182.16666666666666
16	303.00000000000006
17	473.833333333333
18	760.6666666666675
19	1240.666666666666
20	2021.8333333333221
21	3134.3333333333617
22	4569.833333333374
23	6620.999999999778
24	9292.333333333154
25	12508.333333334142
26	16535.16666666877
27	21352.333333332106
28	26753.16666666093
29	32318.999999988475
30	37403.9999999965
31	42294.83333333944
32	46174.666666681675
33	48578.333333354036
34	49304.16666668902
35	48507.833333354225
36	45741.16666668134
37	41483.500000004424
38	36134.999999993444
39	30504.33333332308
40	24937.666666662255
41	19534.83333333344
42	14971.500000001679
43	11093.000000000296
44	8147.499999999644
45	5869.49999999989
46	4172.500000000072
47	3110.1666666667043
48	2441.6666666666633
49	1950.4999999999716
50	1579.3333333333164
51	1370.8333333333271
52	1041.500000000011
53	793.3333333333405
54	633.1666666666673
55	480.6666666666645
56	367.83333333333303
57	286.5000000000003
58	223.5000000000004
59	133.3333333333332
60	93.83333333333333
61	61.333333333333336
62	27.5
63	15.333333333333334
64	8.833333333333334
65	6.333333333333332
66	4.0
67	3.6666666666666665
68	3.0
69	1.1666666666666665
70	1.3333333333333333
71	1.5
72	2.0
73	0.8333333333333333
74	0.0
75	0.0
76	0.3333333333333333
77	0.0
78	0.0
79	0.3333333333333333
80	0.6666666666666666
81	0.5
82	0.8333333333333333
83	0.0
84	0.0
85	0.0
86	0.0
87	0.0
88	0.0
89	0.0
90	0.0
91	0.0
92	0.0
93	0.0
94	0.0
95	0.0
96	0.0
97	0.0
98	0.0
99	0.0
100	0.0
>>END_MODULE
>>Per base N content	pass
#Base	N-Count
1	0.10469268834872919
2	0.10469268834872919
3	0.10469268834872919
4	0.10469268834872919
5	0.10469268834872919
6	0.10469268834872919
7	0.10469268834872919
8	0.10469268834872919
9	0.10469268834872919
10-14	0.10469268834872919
15-19	0.10469268834872919
20-24	0.10469268834872919
25-29	0.10469268834872919
30-34	0.10469268834872919
35-39	0.020979608176009527
40-44	0.0
45-49	0.0
50-54	0.0
55-59	0.0
60-64	0.0
65-69	0.0
70-74	0.0
75-79	0.0
80-84	0.0
85-89	0.0
90-94	0.0
95-99	0.0
100-104	0.0
105-109	0.0
110-114	0.0
115-119	0.0
120-124	0.0
125-129	0.0
130-134	0.0
135-139	0.0
140-144	0.0
145-149	0.0
150-154	0.0
155-159	0.0
160-164	0.0
165-169	0.0
170-174	0.0
175-179	0.0
180-184	0.0
185-189	0.0
190-194	0.0
195-199	0.0
200-204	0.0
205-209	0.0
210-214	0.0
215-219	0.0
220-224	0.0
225-229	0.0
230-234	0.0
235-239	7.801218706386312E-5
240-244	0.0
245-249	0.0
250-251	0.0
>>END_MODULE
>>Sequence Length Distribution	warn
#Length	Count
35-39	3661.0
40-44	4066.0
45-49	5271.0
50-54	5936.0
55-59	6877.0
60-64	7592.0
65-69	8689.0
70-74	9807.0
75-79	10580.0
80-84	11924.0
85-89	13009.0
90-94	14055.0
95-99	14342.0
100-104	16023.0
105-109	16193.0
110-114	17294.0
115-119	17659.0
120-124	18404.0
125-129	17829.0
130-134	18240.0
135-139	18130.0
140-144	18324.0
145-149	18075.0
150-154	17837.0
155-159	17408.0
160-164	17185.0
165-169	16492.0
170-174	15877.0
175-179	15746.0
180-184	15016.0
185-189	14466.0
190-194	14024.0
195-199	13180.0
200-204	12981.0
205-209	12584.0
210-214	11787.0
215-219	11366.0
220-224	11094.0
225-229	10493.0
230-234	10154.0
235-239	9694.0
240-244	9179.0
245-249	23370.0
250-252	218018.0
>>END_MODULE
>>Sequence Duplication Levels	pass
#Total Deduplicated Percentage	75.04244852468813
#Duplication Level	Percentage of total
1	58.94289681578297
2	21.95921230996405
3	9.578962809122093
4	4.464239476999564
5	2.133020180049163
6	1.1277363617472078
7	0.6046835656051651
8	0.35782255154146836
9	0.2342875389844011
>10	0.49254229601715477
>50	0.0
>100	0.0
>500	0.10459609418675377
>1k	0.0
>5k	0.0
>10k+	0.0
>>END_MODULE
>>Overrepresented sequences	warn
#Sequence	Count	Percentage	Possible Source
NNNNNNNNNNNNNNNNNNNNNNNNNNNNNNNNNNN	827	0.10469268834872919	No Hit
>>END_MODULE
>>Adapter Content	pass
#Position	Illumina Universal Adapter	Illumina Small RNA 3' Adapter	Illumina Small RNA 5' Adapter	Nextera Transposase Sequence	PolyA	PolyG
1	0.0	0.0	0.0	0.0	0.0	0.0026584600427125914
2	0.0	0.0	0.0	0.0	0.0	0.0026584600427125914
3	0.0	0.0	0.0	0.0	0.0	0.0026584600427125914
4	0.0	0.0	0.0	0.0	0.0	0.0026584600427125914
5	0.0	0.0	0.0	0.0	0.0	0.0026584600427125914
6	0.0	0.0	0.0	0.0	0.0	0.0026584600427125914
7	0.0	0.0	0.0	0.0	0.0	0.0026584600427125914
8	0.0	0.0	0.0	0.0	0.0	0.0026584600427125914
9	0.0	0.0	0.0	0.0	0.0	0.0026584600427125914
10-14	0.0	0.0	0.0	0.0	0.0	0.0026584600427125914
15-19	0.0	0.0	0.0	0.0	0.0	0.0026584600427125914
20-24	0.0	0.0	0.0	0.0	0.0	0.0026584600427125914
25-29	0.0	0.0	0.0	0.0	0.0	0.0026584600427125914
30-34	0.0	0.0	0.0	0.0	0.0	0.0026584600427125914
35-39	0.0	0.0	0.0	3.797800061017988E-4	0.0	0.0026584600427125914
40-44	0.0	0.0	0.0	0.001316570687819569	2.531866707345325E-5	0.0026584600427125914
45-49	0.0	0.0	0.0	0.0024559107061249653	1.2659333536726625E-4	0.0026584600427125914
50-54	0.0	0.0	0.0	0.00397503073053216	1.7723066951417276E-4	0.0026584600427125914
55-59	0.0	0.0	0.0	0.0048358654110295714	2.531866707345325E-4	0.0026584600427125914
60-64	0.0	0.0	0.0	0.006557534772024391	2.531866707345325E-4	0.0026584600427125914
65-69	0.0	0.0	0.0	0.008988126811075903	2.531866707345325E-4	0.0026584600427125914
70-74	0.0	0.0	0.0	0.010887026841584898	3.291426719548923E-4	0.0026584600427125914
75-79	0.0	0.0	0.0	0.013545486884297488	3.797800061017988E-4	0.002785053378079858
80-84	0.0	0.0	0.0	0.016203946927010084	3.797800061017988E-4	0.002785053378079858
85-89	0.0	0.0	0.0	0.018634538966061594	3.797800061017988E-4	0.0028863280463736706
90-94	0.0	0.0	0.0	0.021343636342921093	3.797800061017988E-4	0.002911646713447124
95-99	0.0	0.0	0.0	0.02509079906979217	3.797800061017988E-4	0.002911646713447124
100-104	0.0	0.0	0.0	0.029622840475940306	7.342413451301443E-4	0.002911646713447124
105-109	0.0	0.0	0.0	0.03266108052475469	0.0016710320268479145	0.002911646713447124
110-114	0.0	0.0	0.0	0.03650951791991959	0.003316745386622376	0.002911646713447124
115-119	0.0	0.0	0.0	0.040661779319965924	0.004709272075662305	0.002911646713447124
120-124	0.0	0.0	0.0	0.04519382072611405	0.0060764800976287805	0.002911646713447124
125-129	0.0	0.0	0.0	0.050460103477392326	0.0073170947842279895	0.002911646713447124
130-134	0.0	0.0	0.0	0.05694168224819636	0.00903876414522281	0.002911646713447124
135-139	0.0	0.0	0.0	0.06324603034948621	0.01058320283670346	0.002911646713447124
140-144	0.0	0.0	0.0	0.06909464244345392	0.012684652203800079	0.002911646713447124
145-149	0.0	0.0	0.0	0.07560153988133142	0.014659508235529431	0.0030382400488143902
150-154	0.0	0.0	0.0	0.08190588798262127	0.017242012277021664	0.0030382400488143902
155-159	0.0	0.0	0.0	0.08732408273634026	0.019444736312412097	0.0031141960500347494
160-164	0.0	0.0	0.0	0.09160293747175388	0.022761481699034476	0.0032154707183285627
165-169	0.0	0.0	0.0	0.09636284688156307	0.026761831096640088	0.003316745386622376
170-174	0.0	0.0	0.0	0.10112275629137228	0.03086345516253951	0.003418020054916189
175-179	0.0	0.0	0.0	0.1063637203755771	0.0346106178894106	0.003418020054916189
180-184	0.0	0.0	0.0	0.112111057801251	0.038762879289456924	0.003418020054916189
185-189	0.0	0.0	0.0	0.11942815258547898	0.0428391846882829	0.003418020054916189
190-194	0.0	0.0	0.0	0.12477039133797763	0.047447182095651394	0.003418020054916189
195-199	0.0	0.0	0.0	0.1288973340709505	0.05228304750668096	0.0034686573890630955
200-204	0.0	0.0	0.0	0.13299895813684992	0.057042956916490174	0.0035446133902834547
205-209	0.0	0.0	0.0	0.13694867020030865	0.06317007434826585	0.0035446133902834547
210-214	0.0	0.0	0.0	0.14089838226376733	0.07010738912639206	0.0035446133902834547
215-219	0.0	0.0	0.0	0.1444429956540508	0.07679151723378372	0.0035446133902834547
220-224	0.0	0.0	0.0	0.15019033307972468	0.08342500800702847	0.0035446133902834547
225-229	0.0	0.0	0.0	0.15540597849685606	0.08927362010099615	0.0035446133902834547
230-234	0.0	0.0	0.0	0.16067226124813433	0.0947677708559355	0.0035446133902834547
235-239	0.0	0.0	0.0	0.16431814930671157	0.09859088958402697	0.0035446133902834547
240	0.0	0.0	0.0	0.16457133597744614	0.1020342283060166	0.003544613390283455
>>END_MODULE
