##FastQC	0.12.1
>>Basic Statistics	pass
#Measure	Value
Filename	ERR13347001_2.gz
File type	Conventional base calls
Encoding	Sanger / Illumina 1.9
Total Sequences	612232
Total Bases	119 Mbp
Sequences flagged as poor quality	0
Sequence length	35-251
%GC	33
>>END_MODULE
>>Per base sequence quality	pass
#Base	Mean	Median	Lower Quartile	Upper Quartile	10th Percentile	90th Percentile
1	33.10891296109971	34.0	34.0	34.0	33.0	34.0
2	33.196538240405594	34.0	34.0	34.0	33.0	34.0
3	33.29268643259418	34.0	34.0	34.0	34.0	34.0
4	33.324685740046256	34.0	34.0	34.0	34.0	34.0
5	33.29197755099374	34.0	34.0	34.0	34.0	34.0
6	37.00315566647937	38.0	38.0	38.0	36.0	38.0
7	37.002958028982476	38.0	38.0	38.0	36.0	38.0
8	36.84631806243385	38.0	38.0	38.0	35.0	38.0
9	36.946621542160486	38.0	38.0	38.0	36.0	38.0
10-14	36.73421970756184	38.0	37.6	38.0	34.6	38.0
15-19	36.69502998863176	38.0	37.6	38.0	34.6	38.0
20-24	36.88482830038286	38.0	38.0	38.0	35.4	38.0
25-29	36.809646669889844	38.0	37.8	38.0	35.2	38.0
30-34	36.7359438905513	38.0	37.8	38.0	34.8	38.0
35-39	36.66117831477238	38.0	37.4	38.0	34.6	38.0
40-44	36.61527083857057	38.0	37.0	38.0	34.0	38.0
45-49	36.79242169937228	38.0	37.8	38.0	34.8	38.0
50-54	36.831535474227366	38.0	38.0	38.0	35.2	38.0
55-59	36.70357438363053	38.0	37.4	38.0	34.4	38.0
60-64	36.671310235237215	38.0	37.0	38.0	34.4	38.0
65-69	36.57477047365963	38.0	37.0	38.0	34.2	38.0
70-74	36.529380614466305	38.0	37.0	38.0	34.0	38.0
75-79	36.45961273514955	38.0	37.0	38.0	34.0	38.0
80-84	36.31798169105668	38.0	37.0	38.0	34.0	38.0
85-89	36.38688375601366	38.0	37.0	38.0	34.0	38.0
90-94	36.350925899520774	38.0	37.0	38.0	33.8	38.0
95-99	36.334778071876364	38.0	37.0	38.0	33.8	38.0
100-104	36.218458770234875	38.0	37.0	38.0	33.4	38.0
105-109	35.96581542280475	38.0	37.0	38.0	32.0	38.0
110-114	35.837764117888966	38.0	36.8	38.0	31.6	38.0
115-119	35.85901146314618	38.0	37.0	38.0	31.6	38.0
120-124	35.9113423648724	38.0	37.0	38.0	32.0	38.0
125-129	35.90499436304499	38.0	37.0	38.0	32.0	38.0
130-134	35.77366578025281	38.0	37.0	38.0	31.4	38.0
135-139	35.690784660253215	38.0	36.8	38.0	30.8	38.0
140-144	35.66861965760479	38.0	36.4	38.0	30.6	38.0
145-149	35.48886060902456	38.0	36.0	38.0	29.6	38.0
150-154	35.22831354216071	38.0	36.0	38.0	28.0	38.0
155-159	35.11988861232771	38.0	35.6	38.0	27.6	38.0
160-164	34.91174819510616	37.8	35.2	38.0	26.8	38.0
165-169	34.898588513009756	37.8	35.4	38.0	26.8	38.0
170-174	34.53268100124666	37.8	34.8	38.0	25.2	38.0
175-179	34.586032572408534	37.8	34.8	38.0	25.6	38.0
180-184	34.872292572134015	38.0	35.0	38.0	27.2	38.0
185-189	34.51427457439103	37.8	35.0	38.0	24.4	38.0
190-194	34.03289063285012	37.0	34.4	38.0	23.6	38.0
195-199	33.46825113084344	37.0	33.6	38.0	22.8	38.0
200-204	33.36897915032952	37.0	32.8	37.8	22.4	38.0
205-209	33.72994102032214	37.0	34.0	37.8	23.0	38.0
210-214	33.28221571660203	37.0	33.2	37.2	22.2	37.8
215-219	32.877376585333984	37.0	32.0	37.0	21.2	37.6
220-224	32.56054387326025	37.0	31.4	37.0	20.8	37.6
225-229	31.91732389841556	36.4	29.6	37.0	19.4	37.4
230-234	31.22299555135304	35.6	28.0	37.0	18.4	37.2
235-239	30.798381687534366	35.0	27.2	37.0	17.0	37.0
240-244	30.111991854404902	34.2	25.6	37.0	15.4	37.0
245-249	29.66122095052059	33.8	25.0	36.8	15.0	37.0
250-251	25.836382275220046	28.0	17.5	34.5	11.5	36.5
>>END_MODULE
>>Per sequence quality scores	pass
#Quality	Count
2	413.0
3	0.0
4	0.0
5	0.0
6	0.0
7	0.0
8	0.0
9	0.0
10	0.0
11	0.0
12	1.0
13	15.0
14	36.0
15	58.0
16	91.0
17	159.0
18	286.0
19	459.0
20	737.0
21	1091.0
22	1545.0
23	2026.0
24	2714.0
25	3429.0
26	4283.0
27	5567.0
28	7111.0
29	9204.0
30	11868.0
31	14987.0
32	19672.0
33	26186.0
34	35751.0
35	54282.0
36	104400.0
37	305861.0
>>END_MODULE
>>Per base sequence content	fail
#Base	G	A	T	C
1	33.02561705340959	29.593556264189246	16.723410028129233	20.657416654271934
2	11.33586894163143	23.317844002883206	47.47531541191104	17.870971643574325
3	13.319298681472787	32.90123386164863	36.5449585580049	17.23450889887369
4	9.315173278371544	21.768366134428646	49.605684034003524	19.310776553196288
5	8.666125112165526	41.043511234531785	41.567522420846686	8.722841232456004
6	19.138666827934404	48.76965246257471	22.734501543757222	9.357179165733656
7	18.061877777578008	37.48886517090839	30.98628842844044	13.462968623073163
8	17.886335664632842	42.619467522257395	25.404245373223127	14.089951439886633
9	20.194371211093475	20.44755066449391	29.794105773112634	29.563972351299977
10-14	18.449214555285142	28.72091255747206	34.75969200041188	18.070180886830908
15-19	16.657508184610155	34.66986151132933	32.21920208427656	16.453428219783955
20-24	16.643745944470506	33.154151799797	33.669598361606944	16.53250389412555
25-29	16.853742691874558	33.15104630617879	33.279286847907635	16.715924154039023
30-34	16.79588244235632	33.21161977643715	33.27954836315969	16.71294941804684
35-39	16.786494491453066	33.14827572896078	33.31622441922924	16.74900536035691
40-44	16.845813706323067	33.06768530303229	33.24600133835435	16.84049965229029
45-49	16.861094641293967	33.14023867316446	33.21987540587903	16.778791279662546
50-54	16.835854731490272	33.082835799180486	33.186200338067515	16.89510913126172
55-59	16.829571394868967	33.00282768405698	33.17265486637449	16.99494605469957
60-64	16.88417362060692	33.04578573175769	33.211463943101336	16.858576704534062
65-69	16.822066939638518	33.060395106412955	33.16950987127148	16.948028082677048
70-74	16.8689009731355	32.97798424834256	33.18358197837025	16.969532800151693
75-79	16.925904528623427	33.02620178682516	33.139051387688376	16.908842296863043
80-84	16.788579559267845	33.05067586413984	33.19640659424667	16.964337982345647
85-89	16.876900414787695	32.994782465969884	33.118092087876015	17.010225031366407
90-94	16.893063964779387	33.04473755898661	33.18266738138967	16.879531094844328
95-99	16.786309012005262	33.05878263987731	33.16916973465475	16.985738613462672
100-104	16.864686266358568	32.93414533808153	33.146797223915804	17.05437117164411
105-109	16.899287014579752	32.90950941058092	33.19374527477535	16.997458300063972
110-114	16.732437599989595	33.02427993556071	33.23506403979331	17.008218424656388
115-119	16.832016759375154	32.896021539124746	33.22024284455604	17.051718856944063
120-124	16.8756767588022	32.92436871168245	33.21657437699656	16.983380152518794
125-129	16.837129398420274	32.988933720707514	33.154630968670126	17.01930591220209
130-134	16.79540209376408	32.85845693501584	33.232024760924226	17.11411621029586
135-139	16.914293612240844	32.92608131027075	33.126491921667096	17.033133155821307
140-144	16.769858599447144	32.95398655491509	33.187090324655266	17.0890645209825
145-149	16.84626032789722	32.77194272613229	33.1713457628585	17.210451183111996
150-154	16.89680818951433	32.89640452864814	33.14660313601816	17.060184145819377
155-159	16.78747740230844	32.79441955953714	33.27894334292134	17.13915969523308
160-164	16.76947256031653	32.826878705686596	33.203988024059264	17.199660709937607
165-169	16.875612762942037	32.82011706805673	33.16573963520584	17.138530533795393
170-174	16.74047714645314	32.896962038751255	33.17937098051624	17.183189834279368
175-179	16.816846148201208	32.706259063223186	33.1921976953186	17.284697093257016
180-184	16.897681243118	32.82170129705847	33.049077498456136	17.231539961367396
185-189	16.797846973105923	32.85396338132918	33.12645722690754	17.22173241865736
190-194	16.87844028714255	32.71550098454906	33.05933712545911	17.346721602849286
195-199	16.816186633021232	32.67842368462362	33.21166763251726	17.29372204983789
200-204	16.79696639983578	32.80321492216533	33.08210135582183	17.31771732217706
205-209	16.77381958486909	32.6577568872957	33.16932225963602	17.399101268199193
210-214	16.836934935673526	32.78105711542135	33.02347517340806	17.358532775497068
215-219	16.731041490262488	32.813005927180356	33.08545300592718	17.370499576629975
220-224	16.82081322065559	32.6638768360853	33.080808789088245	17.43450115417086
225-229	16.771521496087	32.65553990678495	33.107749045344335	17.46518955178372
230-234	16.65539784209522	32.69934926294375	33.14048618216731	17.50476671279372
235-239	16.75168640616743	32.646258820603684	33.020920762224506	17.58113401100438
240-244	16.6717086059467	32.606757700489496	33.09665719425734	17.624876499306467
245-249	16.65431364882024	32.68933674715721	33.101280017208076	17.555069586814483
250-251	17.699020383388806	37.36523430697971	37.77021547585287	7.1655298337786135
>>END_MODULE
>>Per sequence GC content	pass
#GC Content	Count
0	413.0
1	206.5
2	0.0
3	0.0
4	0.0
5	0.0
6	0.0
7	1.0
8	2.5
9	2.5
10	3.5
11	6.0
12	11.0
13	24.833333333333336
14	39.5
15	79.16666666666667
16	165.33333333333331
17	292.5000000000002
18	448.83333333333275
19	690.0000000000003
20	1150.1666666666702
21	1936.4999999999727
22	2918.0000000000414
23	4287.0000000001355
24	6186.333333333031
25	8612.499999999427
26	11643.333333334269
27	15200.50000000286
28	19058.666666667465
29	22985.833333329207
30	26816.166666657184
31	30644.49999998429
32	33565.16666664964
33	35419.83333332141
34	35745.83333332233
35	34889.83333331956
36	32656.33333331389
37	29549.999999985695
38	25465.666666658482
39	21018.166666664816
40	16716.333333336894
41	12942.000000001675
42	9822.166666666702
43	7158.333333332867
44	5087.666666666632
45	3553.3333333334244
46	2561.666666666675
47	1949.3333333333
48	1581.8333333333142
49	1265.8333333333296
50	1041.0000000000123
51	903.1666666666778
52	715.6666666666716
53	537.8333333333294
54	426.1666666666635
55	323.6666666666662
56	228.16666666666717
57	179.33333333333363
58	151.66666666666666
59	90.99999999999997
60	62.333333333333364
61	42.33333333333333
62	18.499999999999996
63	15.000000000000002
64	8.5
65	4.5
66	7.166666666666666
67	6.666666666666665
68	2.6666666666666665
69	3.666666666666667
70	4.833333333333333
71	2.8333333333333335
72	1.833333333333333
73	1.6666666666666665
74	0.3333333333333333
75	0.3333333333333333
76	0.6666666666666666
77	0.6666666666666666
78	0.3333333333333333
79	0.0
80	0.0
81	0.0
82	0.0
83	0.3333333333333333
84	0.6666666666666666
85	0.6666666666666666
86	0.6666666666666666
87	0.3333333333333333
88	0.0
89	0.0
90	0.0
91	0.0
92	0.3333333333333333
93	0.3333333333333333
94	0.3333333333333333
95	0.6666666666666666
96	0.6666666666666666
97	0.3333333333333333
98	0.0
99	0.3333333333333333
100	2.0
>>END_MODULE
>>Per base N content	pass
#Base	N-Count
1	0.06745808778371598
2	0.06745808778371598
3	0.06745808778371598
4	0.06745808778371598
5	0.06745808778371598
6	0.06745808778371598
7	0.06745808778371598
8	0.06745808778371598
9	0.06745808778371598
10-14	0.06745808778371598
15-19	0.06745808778371598
20-24	0.06745808778371598
25-29	0.06745808778371598
30-34	0.06745808778371598
35-39	0.013508655842951574
40-44	0.0
45-49	0.0
50-54	0.0
55-59	0.0
60-64	0.0
65-69	0.0
70-74	0.0
75-79	0.0
80-84	0.0
85-89	0.0
90-94	0.0
95-99	0.0
100-104	0.0
105-109	0.0
110-114	0.0
115-119	0.0
120-124	0.0
125-129	0.0
130-134	0.0
135-139	0.0
140-144	0.0
145-149	0.0
150-154	0.0
155-159	0.0
160-164	0.0
165-169	0.0
170-174	0.0
175-179	0.0
180-184	0.0
185-189	0.0
190-194	0.0
195-199	0.0
200-204	0.0
205-209	0.0
210-214	0.0
215-219	0.0
220-224	0.0
225-229	7.259733669410605E-5
230-234	0.0
235-239	0.0
240-244	0.0
245-249	0.0
250-251	0.0
>>END_MODULE
>>Sequence Length Distribution	warn
#Length	Count
35-39	1784.0
40-44	1974.0
45-49	2501.0
50-54	2843.0
55-59	3163.0
60-64	3633.0
65-69	3948.0
70-74	4447.0
75-79	4914.0
80-84	5620.0
85-89	5839.0
90-94	6590.0
95-99	7136.0
100-104	7810.0
105-109	8254.0
110-114	9090.0
115-119	9610.0
120-124	10359.0
125-129	10599.0
130-134	11282.0
135-139	11551.0
140-144	12038.0
145-149	12323.0
150-154	12644.0
155-159	12668.0
160-164	12457.0
165-169	12595.0
170-174	12638.0
175-179	12288.0
180-184	12257.0
185-189	12119.0
190-194	11688.0
195-199	11733.0
200-204	11088.0
205-209	10779.0
210-214	10593.0
215-219	10210.0
220-224	9848.0
225-229	9459.0
230-234	8939.0
235-239	8864.0
240-244	8359.0
245-249	23322.0
250-252	220376.0
>>END_MODULE
>>Sequence Duplication Levels	pass
#Total Deduplicated Percentage	79.10907479369257
#Duplication Level	Percentage of total
1	64.70381381563816
2	20.74310345771022
3	8.07259957831719
4	3.260363968320365
5	1.4952838967263409
6	0.6813096409722094
7	0.3728645545031829
8	0.20136240763783245
9	0.12780367993198768
>10	0.2739810030187035
>50	0.0
>100	0.06751399722381649
>500	0.0
>1k	0.0
>5k	0.0
>10k+	0.0
>>END_MODULE
>>Overrepresented sequences	pass
>>END_MODULE
>>Adapter Content	pass
#Position	Illumina Universal Adapter	Illumina Small RNA 3' Adapter	Illumina Small RNA 5' Adapter	Nextera Transposase Sequence	PolyA	PolyG
1	0.0	0.0	0.0	0.0	0.0	0.0
2	0.0	0.0	0.0	0.0	0.0	0.0
3	0.0	0.0	0.0	0.0	0.0	0.0
4	0.0	0.0	0.0	0.0	0.0	0.0
5	0.0	0.0	0.0	0.0	0.0	0.0
6	0.0	0.0	0.0	0.0	0.0	0.0
7	0.0	0.0	0.0	0.0	0.0	0.0
8	0.0	0.0	0.0	0.0	0.0	0.0
9	0.0	0.0	0.0	0.0	0.0	0.0
10-14	0.0	0.0	0.0	0.0	0.0	0.0
15-19	0.0	0.0	0.0	0.0	0.0	9.473532909093287E-4
20-24	0.0	0.0	0.0	0.0	3.266735485894236E-5	9.80020645768271E-4
25-29	0.0	0.0	0.0	0.0	1.633367742947118E-4	9.80020645768271E-4
30-34	0.0	0.0	0.0	3.266735485894237E-4	1.633367742947118E-4	9.80020645768271E-4
35-39	0.0	0.0	0.0	4.900103228841355E-4	1.633367742947118E-4	9.80020645768271E-4
40-44	0.0	0.0	0.0	7.840165166146165E-4	1.633367742947118E-4	9.80020645768271E-4
45-49	0.0	0.0	0.0	0.001894706581818657	1.633367742947118E-4	9.80020645768271E-4
50-54	0.0	0.0	0.0	0.002809392517869043	1.633367742947118E-4	9.80020645768271E-4
55-59	0.0	0.0	0.0	0.0036914110990604867	1.633367742947118E-4	9.80020645768271E-4
60-64	0.0	0.0	0.0	0.005030772648277124	1.633367742947118E-4	9.80020645768271E-4
65-69	0.0	0.0	0.0	0.006174130068340106	3.266735485894236E-4	9.80020645768271E-4
70-74	0.0	0.0	0.0	0.007774830456428283	3.266735485894236E-4	9.80020645768271E-4
75-79	0.0	0.0	0.0	0.009930875877118477	3.266735485894236E-4	9.80020645768271E-4
80-84	0.0	0.0	0.0	0.011531576265206653	5.226776777430778E-4	9.80020645768271E-4
85-89	0.0	0.0	0.0	0.013360948137307427	6.860144520377896E-4	9.80020645768271E-4
90-94	0.0	0.0	0.0	0.015288322073985028	8.166838714735589E-4	9.80020645768271E-4
95-99	0.0	0.0	0.0	0.017477034849534164	8.166838714735589E-4	9.80020645768271E-4
100-104	0.0	0.0	0.0	0.019829084399378014	9.473532909093287E-4	9.80020645768271E-4
105-109	0.0	0.0	0.0	0.023259156659566963	9.80020645768271E-4	9.80020645768271E-4
110-114	0.0	0.0	0.0	0.026754563629473795	0.0010126880006272134	9.80020645768271E-4
115-119	0.0	0.0	0.0	0.031001319761136303	0.0013066941943576944	9.80020645768271E-4
120-124	0.0	0.0	0.0	0.03394138169844112	0.0017640371623828875	9.80020645768271E-4
125-129	0.0	0.0	0.0	0.037730794862078434	0.002156045420690196	9.80020645768271E-4
130-134	0.0	0.0	0.0	0.0417162121548694	0.003168733421317409	9.80020645768271E-4
135-139	0.0	0.0	0.0	0.04599563564139084	0.00359340903448366	0.0011106900652040404
140-144	0.0	0.0	0.0	0.05024239177305336	0.004312090841380392	0.0011433574200629827
145-149	0.0	0.0	0.0	0.05674319538998288	0.004802101164264527	0.0011433574200629827
150-154	0.0	0.0	0.0	0.06386467874923232	0.0052267767774307776	0.0011433574200629827
155-159	0.0	0.0	0.0	0.0705614864953155	0.005684119745455971	0.0011433574200629827
160-164	0.0	0.0	0.0	0.07768296985456494	0.006239464778057991	0.0011433574200629827
165-169	0.0	0.0	0.0	0.08428177553607129	0.00718681806896732	0.0011433574200629827
170-174	0.0	0.0	0.0	0.09101125063701342	0.008101504005017707	0.0011433574200629827
175-179	0.0	0.0	0.0	0.09992943851350468	0.00924486142508069	0.0011433574200629827
180-184	0.0	0.0	0.0	0.10773693632479191	0.010780227103450979	0.0011433574200629827
185-189	0.0	0.0	0.0	0.11391106639313202	0.011923584523513962	0.0011433574200629827
190-194	0.0	0.0	0.0	0.12122855388153511	0.012772935749846465	0.0011433574200629827
195-199	0.0	0.0	0.0	0.12874204549909182	0.014275634073357812	0.0011760247749219251
200-204	0.0	0.0	0.0	0.13586352885834127	0.01577833239686916	0.0013066941943576944
205-209	0.0	0.0	0.0	0.14252766924956553	0.0171176939460858	0.0013066941943576944
210-214	0.0	0.0	0.0	0.15121718564204417	0.017477034849534164	0.0013066941943576944
215-219	3.266735485894236E-5	0.0	0.0	0.16046204706712489	0.018261051366148782	0.0013066941943576944
220-224	1.633367742947118E-4	0.0	0.0	0.17124227417057586	0.02048243149655686	0.0013066941943576944
225-229	1.633367742947118E-4	0.0	0.0	0.18218583804832159	0.02224646865893975	0.0013066941943576944
230-234	1.633367742947118E-4	0.0	0.0	0.19443609612042492	0.023455160788720616	0.0013066941943576944
235-239	1.633367742947118E-4	0.0	0.0	0.206849690966823	0.02430451201505312	0.0013066941943576944
240	1.633367742947118E-4	0.0	0.0	0.20841772400005226	0.02515386324138562	0.0013066941943576944
>>END_MODULE
