##FastQC	0.12.1
>>Basic Statistics	pass
#Measure	Value
Filename	ERR13346992_2.gz
File type	Conventional base calls
Encoding	Sanger / Illumina 1.9
Total Sequences	600110
Total Bases	121.7 Mbp
Sequences flagged as poor quality	0
Sequence length	35-251
%GC	34
>>END_MODULE
>>Per base sequence quality	pass
#Base	Mean	Median	Lower Quartile	Upper Quartile	10th Percentile	90th Percentile
1	32.93926446818083	34.0	34.0	34.0	32.0	34.0
2	33.00411424572162	34.0	34.0	34.0	32.0	34.0
3	33.11120961157121	34.0	34.0	34.0	33.0	34.0
4	33.11917481795004	34.0	34.0	34.0	33.0	34.0
5	33.11318758227658	34.0	34.0	34.0	33.0	34.0
6	36.704284214560666	38.0	37.0	38.0	34.0	38.0
7	36.671151955474826	38.0	37.0	38.0	34.0	38.0
8	36.54571995134226	38.0	37.0	38.0	34.0	38.0
9	36.64762960123977	38.0	37.0	38.0	34.0	38.0
10-14	36.39576677609105	38.0	37.0	38.0	34.2	38.0
15-19	36.36356301344754	38.0	37.0	38.0	34.0	38.0
20-24	36.585322690840016	38.0	37.0	38.0	34.0	38.0
25-29	36.5128946359834	38.0	37.0	38.0	34.0	38.0
30-34	36.43384546166536	38.0	37.0	38.0	34.0	38.0
35-39	36.32566766029752	38.0	37.0	38.0	34.0	38.0
40-44	36.262535929160194	38.0	37.0	38.0	34.0	38.0
45-49	36.47989592415644	38.0	37.0	38.0	34.0	38.0
50-54	36.52895360260634	38.0	37.0	38.0	34.0	38.0
55-59	36.37939028612055	38.0	37.0	38.0	34.0	38.0
60-64	36.34628316304746	38.0	37.0	38.0	34.0	38.0
65-69	36.237017958230396	38.0	37.0	38.0	33.8	38.0
70-74	36.178117696165074	38.0	37.0	38.0	33.6	38.0
75-79	36.09985521521209	38.0	37.0	38.0	33.2	38.0
80-84	35.924346104463254	38.0	37.0	38.0	32.0	38.0
85-89	36.010773671156485	38.0	37.0	38.0	32.0	38.0
90-94	35.96859213791389	38.0	37.0	38.0	32.0	38.0
95-99	35.95334405707279	38.0	37.0	38.0	31.8	38.0
100-104	35.82420402695954	38.0	37.0	38.0	31.4	38.0
105-109	35.54142592513739	38.0	36.8	38.0	30.0	38.0
110-114	35.4011595737664	38.0	36.6	38.0	29.2	38.0
115-119	35.41876256257161	38.0	36.2	38.0	29.2	38.0
120-124	35.47218585820805	38.0	36.6	38.0	30.0	38.0
125-129	35.45636498202462	38.0	36.8	38.0	29.6	38.0
130-134	35.303024499549565	38.0	36.0	38.0	28.2	38.0
135-139	35.21295072956324	38.0	36.0	38.0	28.0	38.0
140-144	35.19354744398451	38.0	36.0	38.0	28.0	38.0
145-149	35.00639092288983	38.0	35.8	38.0	27.0	38.0
150-154	34.70510827746661	37.8	35.4	38.0	26.0	38.0
155-159	34.58203389650323	37.6	34.6	38.0	26.0	38.0
160-164	34.361867011133754	37.4	34.6	38.0	25.4	38.0
165-169	34.35380988579149	37.4	34.6	38.0	25.2	38.0
170-174	33.9545088333879	37.0	34.2	38.0	23.6	38.0
175-179	34.012988780299246	37.4	34.4	38.0	23.2	38.0
180-184	34.32553052153709	37.8	34.8	38.0	23.6	38.0
185-189	33.93448832767524	37.2	34.0	38.0	23.0	38.0
190-194	33.43147549500181	37.0	32.8	38.0	22.4	38.0
195-199	32.82656215143399	36.8	30.8	38.0	21.2	38.0
200-204	32.725434242125246	37.0	30.8	37.6	20.4	38.0
205-209	33.123358516890605	37.0	32.4	37.8	21.4	38.0
210-214	32.6655527931116	37.0	30.8	37.2	20.4	37.8
215-219	32.25146026759247	36.6	30.0	37.0	20.0	37.4
220-224	31.92168299105241	36.2	29.8	37.0	19.8	37.6
225-229	31.228393912793216	35.6	28.0	37.0	18.0	37.2
230-234	30.484852757532405	34.6	26.0	37.0	15.6	37.0
235-239	30.053480755734945	34.0	25.6	37.0	15.0	37.0
240-244	29.350874981435645	33.2	24.0	36.8	13.4	37.0
245-249	28.866973417195503	32.6	23.4	36.6	12.6	37.0
250-251	25.172858749431096	27.0	16.5	34.0	10.5	36.5
>>END_MODULE
>>Per sequence quality scores	pass
#Quality	Count
2	241.0
3	0.0
4	0.0
5	0.0
6	0.0
7	0.0
8	0.0
9	0.0
10	0.0
11	0.0
12	2.0
13	35.0
14	64.0
15	83.0
16	141.0
17	209.0
18	380.0
19	655.0
20	1073.0
21	1519.0
22	2150.0
23	2961.0
24	3836.0
25	4823.0
26	6092.0
27	7889.0
28	9586.0
29	11812.0
30	14898.0
31	18262.0
32	23021.0
33	29845.0
34	40088.0
35	59233.0
36	107088.0
37	254124.0
>>END_MODULE
>>Per base sequence content	fail
#Base	G	A	T	C
1	32.652129048175524	29.794171727493833	17.318447861116343	20.235251363214303
2	11.36448124507184	23.641828465881716	46.72003387406251	18.27365641498394
3	13.149204242926372	33.010207228578246	36.49913564461574	17.341452883879647
4	9.180504410129545	22.171674148855832	49.59632853172943	19.051492909285194
5	8.654889650907114	40.8649221746748	41.49139228731607	8.988795887102018
6	19.002482208615547	48.7224710728509	22.884163042264227	9.390883676269318
7	18.1569642705324	37.49135227858083	30.94025528907145	13.41142816181533
8	18.36334266314812	41.906316212373035	25.495399828962658	14.234941295516187
9	20.48080497575304	20.390285212271344	29.70498558852016	29.423924223455455
10-14	18.498138760295998	28.620648841663765	34.81883544573899	18.06237695230125
15-19	16.66347152461621	34.65856712048797	32.17732538270856	16.50063597218726
20-24	16.704847224977453	33.02184310241069	33.64844657750275	16.6248630951091
25-29	16.950067431389186	33.055017012047635	33.178977410067866	16.81593814649532
30-34	16.875584502616405	33.09332537604043	33.240524181112875	16.790565940230284
35-39	16.889573650366483	33.04031205198732	33.231308468886525	16.83880582875967
40-44	16.956179282278725	32.98428742001101	33.171124729861184	16.888408567849076
45-49	16.972450328996292	33.0358901389542	33.127032361015644	16.864627171033856
50-54	16.91578231786042	32.96172546427473	33.13076942712469	16.991722790740166
55-59	16.99860817380341	32.843931169460824	33.087222792931236	17.070237863804532
60-64	16.987275202286238	33.009156781344856	33.03002375859241	16.9735442577765
65-69	16.892270292354723	32.910088093922475	33.13335400484501	17.06428760887779
70-74	16.93548387096774	32.84197493451057	33.15525942549494	17.067281769026742
75-79	16.98326978167578	32.920330480056634	33.072950531957055	17.023449206310538
80-84	16.874288510056758	32.89311448647906	33.13498222332558	17.0976147801386
85-89	16.95253948090253	32.86306681768594	33.07965293378584	17.104740767625696
90-94	16.975745580899222	32.9340222051842	33.1214248770389	16.968807336877678
95-99	16.860418260251137	32.9431555164062	33.09412481636958	17.102301406973076
100-104	16.990639926726463	32.80892469945398	33.070284577198215	17.13015079662134
105-109	16.945877613106127	32.833151760570615	33.136866916000145	17.084103710323106
110-114	16.867040246383038	32.840219300758925	33.15662937317664	17.136111079681392
115-119	16.9184833215012	32.724610455215895	33.20831596124585	17.148590262037054
120-124	16.903690639247987	32.91941385068578	33.15124678687356	17.025648723192674
125-129	16.910572452482395	32.847656270844816	33.127124503631336	17.114646773041454
130-134	16.945929776523595	32.76038352779972	33.175216712438285	17.118469983238395
135-139	16.933966232144428	32.84579746158552	33.10527070325937	17.114965603010678
140-144	16.819524302631525	32.888674889093934	33.144171840939954	17.147628967334587
145-149	16.913418815523812	32.70319586576244	33.12635247076028	17.257032847953464
150-154	16.867203978624328	32.76944498729725	33.18708598114466	17.176265052933765
155-159	16.78226399334546	32.765543080209994	33.222568141733426	17.229624784711124
160-164	16.85527088923027	32.656036515004566	33.21720339522997	17.271489200535196
165-169	16.94947602902664	32.70959406961468	33.18719130563996	17.15373859571871
170-174	16.78361289599522	32.71046585475194	33.25360505080693	17.252316198445904
175-179	16.90387900824603	32.60806028436639	33.11063831014568	17.3774223972419
180-184	16.89053379993434	32.78652805969218	33.00708567331228	17.3158524670612
185-189	16.784228086510502	32.6811558691888	33.1584460452808	17.376169999019897
190-194	16.881798503914496	32.60075304479779	33.05751878531378	17.459929665973927
195-199	16.843688806979653	32.64872332643288	33.13546854118285	17.37211932540461
200-204	16.789121952670325	32.67600480580647	33.105968481676044	17.42890475984716
205-209	16.849032704090273	32.60091126953673	33.02992481098349	17.520131215389505
210-214	16.852243014580896	32.67035081334423	33.03494823028455	17.442457941790323
215-219	16.724946383280383	32.705362415562576	33.11012914487762	17.459562056279427
220-224	16.840888202969477	32.6416385839923	33.04195288776202	17.4755203252762
225-229	16.807393808447603	32.60148591955356	33.08775673866506	17.503363533333776
230-234	16.703917581152634	32.589936634618546	33.045717903460975	17.66042788076784
235-239	16.764789012752953	32.64884998154672	33.011115180356924	17.575245825343405
240-244	16.69039046786952	32.52217967737585	33.09309014360352	17.694339711151116
245-249	16.685435720291522	32.728726972496005	33.031586647766076	17.5542506594464
250-251	17.760392948495742	37.27029482465262	37.764199183925	7.205113042926632
>>END_MODULE
>>Per sequence GC content	pass
#GC Content	Count
0	241.0
1	120.5
2	0.0
3	0.0
4	0.0
5	0.0
6	0.0
7	0.0
8	0.0
9	0.0
10	1.0
11	4.0
12	5.5
13	8.5
14	23.5
15	56.16666666666667
16	101.33333333333331
17	186.66666666666674
18	326.9999999999999
19	556.9999999999991
20	939.8333333333389
21	1539.9999999999843
22	2378.6666666666592
23	3520.1666666668116
24	5041.666666666611
25	7053.9999999993015
26	9598.4999999998
27	12585.500000001824
28	16281.500000004464
29	20521.99999999885
30	24554.33333332589
31	28355.499999986067
32	31656.83333331318
33	33797.16666664742
34	34313.833333315706
35	33582.83333331338
36	31685.833333312745
37	28531.166666651832
38	24388.16666665905
39	20034.83333333273
40	16119.000000004437
41	12330.166666668178
42	9145.333333332954
43	6510.499999999608
44	4635.833333333387
45	3298.333333333412
46	2307.8333333333167
47	1729.8333333333062
48	1470.9999999999836
49	1206.0000000000018
50	964.5000000000144
51	820.6666666666764
52	612.6666666666673
53	488.3333333333284
54	409.49999999999704
55	294.1666666666672
56	188.00000000000034
57	151.16666666666663
58	132.83333333333317
59	79.0
60	52.166666666666686
61	37.66666666666666
62	19.0
63	11.0
64	7.499999999999998
65	7.333333333333332
66	6.666666666666665
67	6.666666666666664
68	3.833333333333334
69	2.5
70	2.333333333333333
71	2.1666666666666665
72	2.1666666666666665
73	0.3333333333333333
74	0.0
75	0.0
76	0.0
77	0.3333333333333333
78	0.0
79	1.0
80	1.6666666666666665
81	0.3333333333333333
82	0.6666666666666666
83	0.0
84	0.0
85	0.6666666666666666
86	0.6666666666666666
87	0.6666666666666666
88	0.3333333333333333
89	0.3333333333333333
90	0.6666666666666666
91	0.3333333333333333
92	0.6666666666666666
93	0.3333333333333333
94	0.3333333333333333
95	0.3333333333333333
96	0.0
97	0.6666666666666666
98	0.6666666666666666
99	1.0
100	0.5
>>END_MODULE
>>Per base N content	pass
#Base	N-Count
1	0.04015930412757661
2	0.04015930412757661
3	0.04015930412757661
4	0.04015930412757661
5	0.04015930412757661
6	0.04015930412757661
7	0.04015930412757661
8	0.04015930412757661
9	0.04015930412757661
10-14	0.04015930412757661
15-19	0.04015930412757661
20-24	0.04015930412757661
25-29	0.04015930412757661
30-34	0.04015930412757661
35-39	0.008038148184095607
40-44	0.0
45-49	0.0
50-54	0.0
55-59	0.0
60-64	0.0
65-69	0.0
70-74	0.0
75-79	0.0
80-84	0.0
85-89	0.0
90-94	0.0
95-99	0.0
100-104	0.0
105-109	0.0
110-114	0.0
115-119	0.0
120-124	0.0
125-129	0.0
130-134	0.0
135-139	0.0
140-144	0.0
145-149	0.0
150-154	0.0
155-159	0.0
160-164	0.0
165-169	0.0
170-174	0.0
175-179	0.0
180-184	0.0
185-189	0.0
190-194	0.0
195-199	0.0
200-204	0.0
205-209	0.0
210-214	0.0
215-219	0.0
220-224	0.0
225-229	0.0
230-234	0.0
235-239	0.0
240-244	0.0
245-249	0.0
250-251	0.0
>>END_MODULE
>>Sequence Length Distribution	warn
#Length	Count
35-39	1120.0
40-44	1311.0
45-49	1530.0
50-54	1728.0
55-59	2109.0
60-64	2387.0
65-69	2694.0
70-74	3007.0
75-79	3438.0
80-84	3867.0
85-89	4242.0
90-94	4900.0
95-99	5007.0
100-104	5782.0
105-109	6261.0
110-114	7122.0
115-119	7498.0
120-124	8006.0
125-129	8590.0
130-134	9207.0
135-139	9737.0
140-144	10493.0
145-149	10828.0
150-154	11071.0
155-159	11464.0
160-164	11820.0
165-169	11828.0
170-174	12047.0
175-179	12340.0
180-184	12069.0
185-189	12025.0
190-194	11928.0
195-199	11607.0
200-204	11631.0
205-209	11455.0
210-214	10839.0
215-219	10850.0
220-224	10452.0
225-229	10034.0
230-234	9613.0
235-239	9547.0
240-244	8961.0
245-249	25577.0
250-252	242088.0
>>END_MODULE
>>Sequence Duplication Levels	pass
#Total Deduplicated Percentage	80.49169221888333
#Duplication Level	Percentage of total
1	66.85038765429272
2	19.924698895186456
3	7.391090908098515
4	2.917243480370333
5	1.3801544683630853
6	0.6587648185188811
7	0.33430325753130835
8	0.17824704941049618
9	0.10752815486764823
>10	0.21744031606146216
>50	0.0
>100	0.040140997299095725
>500	0.0
>1k	0.0
>5k	0.0
>10k+	0.0
>>END_MODULE
>>Overrepresented sequences	pass
>>END_MODULE
>>Adapter Content	pass
#Position	Illumina Universal Adapter	Illumina Small RNA 3' Adapter	Illumina Small RNA 5' Adapter	Nextera Transposase Sequence	PolyA	PolyG
1	0.0	0.0	0.0	0.0	0.0	0.0
2	0.0	0.0	0.0	0.0	0.0	1.6663611671193616E-4
3	0.0	0.0	0.0	0.0	0.0	1.6663611671193616E-4
4	0.0	0.0	0.0	0.0	0.0	1.6663611671193616E-4
5	0.0	0.0	0.0	0.0	0.0	1.6663611671193616E-4
6	0.0	0.0	0.0	0.0	0.0	1.6663611671193616E-4
7	0.0	0.0	0.0	0.0	0.0	1.6663611671193616E-4
8	0.0	0.0	0.0	0.0	0.0	1.6663611671193616E-4
9	0.0	0.0	0.0	0.0	0.0	1.6663611671193616E-4
10-14	0.0	0.0	0.0	0.0	0.0	2.6661778673909783E-4
15-19	0.0	0.0	0.0	0.0	3.332722334238723E-5	5.998900201629701E-4
20-24	0.0	0.0	0.0	0.0	1.6663611671193616E-4	0.001633033943776974
25-29	0.0	0.0	0.0	0.0	4.665811267934212E-4	0.0018329972838312975
30-34	0.0	0.0	0.0	9.998167002716169E-5	4.999083501358084E-4	0.0018329972838312975
35-39	0.0	0.0	0.0	1.6663611671193616E-4	4.999083501358084E-4	0.0018329972838312975
40-44	0.0	0.0	0.0	1.6663611671193616E-4	4.999083501358084E-4	0.0018329972838312975
45-49	0.0	0.0	0.0	2.6661778673909783E-4	4.999083501358084E-4	0.0018329972838312975
50-54	0.0	0.0	0.0	0.0010331439236140041	4.999083501358084E-4	0.0018329972838312975
55-59	0.0	0.0	0.0	0.0016996883904617486	4.999083501358084E-4	0.0018329972838312975
60-64	0.0	0.0	0.0	0.0021329422939127827	4.999083501358084E-4	0.0018329972838312975
65-69	0.0	0.0	0.0	0.0031327589941843995	4.999083501358084E-4	0.0018329972838312975
70-74	0.0	0.0	0.0	0.004465847927879889	5.998900201629702E-4	0.0018996517305160721
75-79	0.0	0.0	0.0	0.005698955191548215	7.331989135325191E-4	0.0021329422939127827
80-84	0.0	0.0	0.0	0.006732099115162221	8.331805835596806E-4	0.00216626951725517
85-89	0.0	0.0	0.0	0.00769858859209145	8.331805835596806E-4	0.00216626951725517
90-94	0.0	0.0	0.0	0.009564913099265136	8.331805835596806E-4	0.002566196197363817
95-99	0.0	0.0	0.0	0.011564546499808367	8.331805835596806E-4	0.0026661778673909785
100-104	0.0	0.0	0.0	0.013730816017063538	9.331622535868424E-4	0.0026661778673909785
105-109	0.0	0.0	0.0	0.016396993884454515	0.0010664711469563913	0.0026995050907333657
110-114	0.0	0.0	0.0	0.01912982619853027	0.001433070603722651	0.0028328139841029146
115-119	0.0	0.0	0.0	0.023329056339671063	0.0021329422939127827	0.0028328139841029146
120-124	0.0	0.0	0.0	0.02716168702404559	0.0026661778673909785	0.0028328139841029146
125-129	0.0	0.0	0.0	0.030161137124860442	0.003066104547499625	0.0028328139841029146
130-134	0.0	0.0	0.0	0.03492693006282181	0.0034327040042658845	0.0028328139841029146
135-139	0.0	0.0	0.0	0.04035926746763094	0.00433253903451034	0.002932795654130076
140-144	0.0	0.0	0.0	0.04742463881621702	0.005099065171385247	0.0029994501008148507
145-149	0.0	0.0	0.0	0.052823648997683756	0.005965572978287314	0.0029994501008148507
150-154	0.0	0.0	0.0	0.05922247587942211	0.006632117445135059	0.0029994501008148507
155-159	0.0	0.0	0.0	0.06682108280148638	0.00769858859209145	0.0029994501008148507
160-164	0.0	0.0	0.0	0.07378647248004533	0.008731732515705453	0.0031660862175267868
165-169	0.0	0.0	0.0	0.07948542767159354	0.010031494226058557	0.0031660862175267868
170-174	0.0	0.0	0.0	0.08588425455333189	0.011031310926330173	0.003199413440869174
175-179	0.0	0.0	0.0	0.09514922264251555	0.011731182616520303	0.0033327223342387224
180-184	0.0	0.0	0.0	0.10498075352851977	0.012864308210161471	0.0033327223342387224
185-189	0.0	0.0	0.0	0.11444568495775775	0.015063904950759027	0.003499358450950659
190-194	0.0	0.0	0.0	0.12364399860025663	0.017163520021329426	0.003665994567662595
195-199	0.0	0.0	0.0	0.13364216560297276	0.01939644398526937	0.003665994567662595
200-204	0.0	0.0	0.0	0.14214060755528152	0.02119611404575828	0.003665994567662595
205-209	0.0	0.0	0.0	0.1518721567712586	0.0229624568829048	0.003665994567662595
210-214	0.0	0.0	0.0	0.16293679492093116	0.025695289196980553	0.003665994567662595
215-219	0.0	0.0	0.0	0.17466797753745147	0.029727883221409408	0.003665994567662595
220-224	0.0	0.0	0.0	0.1871323590675043	0.033027278332305746	0.003665994567662595
225-229	0.0	0.0	0.0	0.19986335838429622	0.03685990901668027	0.003665994567662595
230-234	0.0	0.0	0.0	0.2140607555281532	0.040859175817766734	0.003665994567662595
235-239	0.0	0.0	0.0	0.2273249904184233	0.044325207045375015	0.003665994567662595
240	0.0	0.0	0.0	0.229624568829048	0.046324840445918246	0.003665994567662595
>>END_MODULE
