##FastQC	0.12.1
>>Basic Statistics	pass
#Measure	Value
Filename	ERR13347002_1.gz
File type	Conventional base calls
Encoding	Sanger / Illumina 1.9
Total Sequences	646765
Total Bases	125.1 Mbp
Sequences flagged as poor quality	0
Sequence length	35-251
%GC	33
>>END_MODULE
>>Per base sequence quality	pass
#Base	Mean	Median	Lower Quartile	Upper Quartile	10th Percentile	90th Percentile
1	33.698504093449706	34.0	34.0	34.0	34.0	34.0
2	33.655349315439146	34.0	34.0	34.0	34.0	34.0
3	33.70764651766871	34.0	34.0	34.0	34.0	34.0
4	33.701975215109044	34.0	34.0	34.0	34.0	34.0
5	33.69656830533501	34.0	34.0	34.0	34.0	34.0
6	37.52490626425363	38.0	38.0	38.0	37.0	38.0
7	37.48520250786607	38.0	38.0	38.0	37.0	38.0
8	37.35729824588529	38.0	38.0	38.0	37.0	38.0
9	37.34691889635339	38.0	38.0	38.0	37.0	38.0
10-14	37.30767249310028	38.0	38.0	38.0	37.0	38.0
15-19	37.279475234436	38.0	38.0	38.0	37.0	38.0
20-24	37.26671820522137	38.0	38.0	38.0	36.8	38.0
25-29	37.15368333165833	38.0	38.0	38.0	36.2	38.0
30-34	37.095543203481945	38.0	38.0	38.0	36.0	38.0
35-39	37.05416355943567	38.0	38.0	38.0	36.0	38.0
40-44	36.965746166482724	38.0	38.0	38.0	35.8	38.0
45-49	36.94613458403775	38.0	38.0	38.0	36.0	38.0
50-54	36.95127118304394	38.0	38.0	38.0	36.0	38.0
55-59	36.82902696417984	38.0	37.8	38.0	35.2	38.0
60-64	36.808153958257996	38.0	38.0	38.0	35.0	38.0
65-69	36.840183942222055	38.0	38.0	38.0	35.4	38.0
70-74	36.82116110192699	38.0	38.0	38.0	35.4	38.0
75-79	36.78395099305663	38.0	38.0	38.0	35.0	38.0
80-84	36.75560208764024	38.0	37.2	38.0	35.0	38.0
85-89	36.70483336944396	38.0	37.4	38.0	34.6	38.0
90-94	36.74343307893271	38.0	37.4	38.0	35.0	38.0
95-99	36.609189926206795	38.0	37.0	38.0	34.2	38.0
100-104	36.56954591750521	38.0	37.0	38.0	34.0	38.0
105-109	36.635229737378026	38.0	37.0	38.0	34.8	38.0
110-114	36.4648899148241	38.0	37.0	38.0	34.0	38.0
115-119	36.49300228289213	38.0	37.0	38.0	34.0	38.0
120-124	36.3694289721009	38.0	37.0	38.0	33.6	38.0
125-129	36.301575051012904	38.0	37.0	38.0	33.4	38.0
130-134	36.37406212556936	38.0	37.0	38.0	34.0	38.0
135-139	36.258036532047456	38.0	37.0	38.0	33.4	38.0
140-144	35.96997321671917	38.0	37.0	38.0	31.8	38.0
145-149	35.850931884670956	38.0	37.0	38.0	31.6	38.0
150-154	35.80721839212448	38.0	37.0	38.0	31.2	38.0
155-159	35.94473852678132	38.0	37.0	38.0	31.8	38.0
160-164	35.94195126317122	38.0	37.0	38.0	31.6	38.0
165-169	35.72986934229997	38.0	36.8	38.0	31.0	38.0
170-174	35.64694409547006	38.0	36.2	38.0	30.2	38.0
175-179	35.73429797331828	38.0	36.6	38.0	30.6	38.0
180-184	35.540555659445474	38.0	36.2	38.0	29.8	38.0
185-189	35.412032629502924	38.0	36.2	38.0	29.2	38.0
190-194	35.245971924869494	38.0	35.8	38.0	27.8	38.0
195-199	34.89941970187444	37.8	35.2	38.0	27.2	38.0
200-204	34.86560849825054	37.6	35.0	38.0	27.4	38.0
205-209	34.647935764383355	37.4	35.0	38.0	26.2	38.0
210-214	34.309791756434414	37.0	34.6	38.0	24.8	38.0
215-219	34.08366743907736	37.0	34.2	38.0	24.6	38.0
220-224	34.131379240728975	37.0	34.2	37.8	24.4	38.0
225-229	34.42582559842352	37.0	35.0	38.0	24.6	38.0
230-234	34.03454794874522	37.0	34.0	37.6	24.0	38.0
235-239	33.486202070940045	37.0	33.2	37.2	23.0	38.0
240-244	33.21186445861453	37.0	32.6	37.0	22.2	37.6
245-249	32.78511110535992	36.6	31.4	37.0	21.4	37.4
250-251	29.337192755696307	32.5	25.5	36.5	15.5	37.5
>>END_MODULE
>>Per sequence quality scores	pass
#Quality	Count
2	421.0
3	0.0
4	0.0
5	0.0
6	0.0
7	0.0
8	0.0
9	0.0
10	0.0
11	0.0
12	0.0
13	4.0
14	9.0
15	20.0
16	60.0
17	126.0
18	193.0
19	319.0
20	443.0
21	577.0
22	741.0
23	986.0
24	1342.0
25	1781.0
26	2409.0
27	3292.0
28	4778.0
29	6622.0
30	8966.0
31	12238.0
32	16585.0
33	22360.0
34	31193.0
35	46790.0
36	87936.0
37	396574.0
>>END_MODULE
>>Per base sequence content	fail
#Base	G	A	T	C
1	33.14148502964366	29.8112150805144	16.662953473692028	20.384346416149913
2	11.45226071565606	23.345308380676542	47.202573242731425	17.999857660935973
3	13.528863886722858	32.653354869852585	36.34689886500068	17.470882378423873
4	9.434913915809538	21.68783186662211	49.43745126434221	19.439802953226145
5	8.78448627975196	40.869722624484794	41.37812062926244	8.967670466500811
6	19.36615795922914	48.58156028368794	22.576832151300234	9.475449605782678
7	18.42904088225465	37.51547163739433	30.49181240949092	13.563675070860098
8	18.02337454977535	42.76174916143725	25.119905189806047	14.094971098981349
9	20.25268278192418	20.486459222952483	29.654951542831682	29.60590645229166
10-14	18.55925018256532	28.76514673300905	34.53124033022663	18.144362754199005
15-19	16.675083237409183	34.791751760672334	32.01456190511554	16.51860309680294
20-24	16.68668696545493	33.17468716349189	33.495073830653645	16.64355204039954
25-29	16.918854356194224	33.22509375812261	33.09794784201602	16.75810404366715
30-34	16.83666901835555	33.280420333444724	33.10367234785192	16.779238300347803
35-39	16.88267412223973	33.175555769558876	33.13842860111084	16.803341507090547
40-44	16.896647991779364	33.157805333786314	33.103864400505685	16.841682273928644
45-49	16.984006615157952	33.14610541302816	33.03639303089494	16.833494940918946
50-54	16.93142980233719	33.092615854353454	33.09618513151847	16.879769211790887
55-59	16.88757143216776	32.927428693703895	33.156703924678396	17.02829594944994
60-64	16.912312402242136	33.13195859514212	33.0659873698659	16.88974163274984
65-69	16.866930073034244	33.05112588217711	33.07289052638892	17.00905351839973
70-74	16.851272403430844	33.0041592894491	33.16383797944153	16.98073032767853
75-79	16.949596683420374	33.11170329063443	32.9910791937361	16.947620832209097
80-84	16.824736698029934	33.05731173782407	33.18590886806726	16.932042696078735
85-89	16.907657732095053	33.03424001057606	33.09435833030373	16.963743927025153
90-94	16.95026401352756	33.0756655877722	33.033207956740725	16.940862441959514
95-99	16.829597879955713	33.060212038338484	33.1355936513965	16.974596430309308
100-104	16.911007991431013	32.95444767295779	33.095462802914064	17.039081532697132
105-109	16.962688977305053	33.05482358152647	33.050939677370025	16.931547763798445
110-114	16.815204583374296	33.000530034580486	33.17831246678379	17.00595291526143
115-119	16.86209730219661	33.01013532774137	33.09728658201133	17.030480788050692
120-124	16.919362390468553	33.06323268877666	33.04225039879326	16.975154521961525
125-129	16.821669758137567	33.02774895184355	33.134857616729875	17.01572367328901
130-134	16.855081141282934	32.98716568581524	33.04161147115304	17.11614170174878
135-139	16.924599296713495	33.03170350737529	32.99789776762944	17.04579942828178
140-144	16.78926994867893	32.91713799580193	33.16582054855176	17.127771506967388
145-149	16.909067258583356	32.89031598028673	33.045530991347526	17.155085769782385
150-154	16.88031395878646	32.936185211612695	33.10068689230663	17.082813937294212
155-159	16.82320606906189	32.89688918566934	33.16310714388373	17.11679760138504
160-164	16.861649832829325	33.015536932003	33.0146270358358	17.10818619933186
165-169	16.787554867947005	32.96895178925464	33.12076052336084	17.122732819437513
170-174	16.807091024204937	33.02319907147779	33.03067315449219	17.13903674982508
175-179	16.828002164501086	32.97624365643663	32.98101390677043	17.214740272291852
180-184	16.82789491101369	32.96258691930426	33.02651813587228	17.18300003380978
185-189	16.75230695281509	33.01380210121541	33.08970573476513	17.14418521120437
190-194	16.822955340463793	32.9062611169433	33.01897636684265	17.25180717575026
195-199	16.793704383868945	32.94268579687602	33.130376437744026	17.133233381511012
200-204	16.72334083193966	32.996939131482904	33.07302622657844	17.206693809998992
205-209	16.828963571368792	32.96426479203281	32.97914948053035	17.22762215606805
210-214	16.770645573655855	32.94566066637355	33.078797244522995	17.204896515447604
215-219	16.646512707807883	33.08737234147443	33.037946904231056	17.228168046486626
220-224	16.830792311766317	32.89990162305551	32.984627864104624	17.28467820107355
225-229	16.714031598740817	33.0027606408587	33.05252936862782	17.230678391772653
230-234	16.700676303933683	33.02376529647765	32.99903524870115	17.27652315088752
235-239	16.5768364893925	32.92991373710342	33.16872469475264	17.324525078751442
240-244	16.70713437383248	33.01392440696673	33.07973240063253	17.199208818568255
245-249	16.67384873714621	33.15328228302274	33.058417501822404	17.114451478008654
250-251	18.391944413344635	38.05771159738518	36.32668355957492	7.223660429695265
>>END_MODULE
>>Per sequence GC content	pass
#GC Content	Count
0	421.0
1	210.5
2	0.0
3	0.0
4	0.0
5	0.0
6	0.0
7	0.0
8	0.5
9	2.0
10	5.333333333333334
11	9.833333333333332
12	18.0
13	28.5
14	45.0
15	86.0
16	145.49999999999997
17	252.83333333333363
18	441.49999999999915
19	721.5000000000015
20	1147.5000000000025
21	1859.1666666666388
22	2898.33333333338
23	4349.333333333465
24	6158.9999999997035
25	8539.33333333267
26	11577.166666667594
27	15367.000000003158
28	19775.49999999997
29	24435.666666660527
30	28775.333333321312
31	32474.833333315517
32	35638.666666656216
33	37576.16666666128
34	37961.16666666247
35	37314.9999999942
36	34871.49999998709
37	31198.833333317132
38	27109.333333323506
39	22582.66666666295
40	18255.166666668334
41	14022.500000002115
42	10607.666666666986
43	7910.333333332756
44	5651.666666666574
45	3967.000000000108
46	2896.500000000036
47	2215.666666666648
48	1770.1666666666395
49	1418.99999999999
50	1188.166666666671
51	1016.3333333333486
52	804.1666666666734
53	627.1666666666671
54	486.99999999999636
55	346.4999999999995
56	259.333333333334
57	226.83333333333388
58	187.50000000000037
59	106.83333333333326
60	65.83333333333334
61	36.666666666666664
62	19.0
63	9.666666666666666
64	5.333333333333333
65	2.8333333333333335
66	2.1666666666666665
67	3.5
68	3.1666666666666665
69	2.1666666666666665
70	1.3333333333333333
71	0.8333333333333333
72	1.6666666666666665
73	1.3333333333333333
74	0.3333333333333333
75	0.8333333333333333
76	1.6666666666666665
77	0.8333333333333333
78	0.0
79	0.0
80	0.0
81	0.0
82	0.0
83	0.0
84	0.0
85	0.0
86	0.0
87	0.0
88	0.0
89	0.0
90	0.0
91	0.0
92	0.5
93	0.5
94	0.0
95	0.0
96	0.0
97	0.0
98	0.0
99	0.0
100	0.0
>>END_MODULE
>>Per base N content	pass
#Base	N-Count
1	0.06509319459154407
2	0.06509319459154407
3	0.06509319459154407
4	0.06509319459154407
5	0.06509319459154407
6	0.06509319459154407
7	0.06509319459154407
8	0.06509319459154407
9	0.06509319459154407
10-14	0.06509319459154407
15-19	0.06509319459154407
20-24	0.06509319459154407
25-29	0.06509319459154407
30-34	0.06509319459154407
35-39	0.013034612624316457
40-44	0.0
45-49	0.0
50-54	0.0
55-59	0.0
60-64	0.0
65-69	0.0
70-74	0.0
75-79	0.0
80-84	0.0
85-89	0.0
90-94	0.0
95-99	0.0
100-104	0.0
105-109	0.0
110-114	0.0
115-119	0.0
120-124	0.0
125-129	0.0
130-134	0.0
135-139	0.0
140-144	0.0
145-149	0.0
150-154	0.0
155-159	0.0
160-164	0.0
165-169	0.0
170-174	0.0
175-179	0.0
180-184	0.0
185-189	0.0
190-194	0.0
195-199	0.0
200-204	0.0
205-209	0.0
210-214	0.0
215-219	0.0
220-224	0.0
225-229	0.0
230-234	0.0
235-239	0.0
240-244	0.0
245-249	0.0
250-251	0.0
>>END_MODULE
>>Sequence Length Distribution	warn
#Length	Count
35-39	1897.0
40-44	2139.0
45-49	2712.0
50-54	3112.0
55-59	3509.0
60-64	3979.0
65-69	4620.0
70-74	5160.0
75-79	5594.0
80-84	6293.0
85-89	6868.0
90-94	7762.0
95-99	8406.0
100-104	9176.0
105-109	9853.0
110-114	10592.0
115-119	10923.0
120-124	11784.0
125-129	11782.0
130-134	12240.0
135-139	12335.0
140-144	12622.0
145-149	12959.0
150-154	12955.0
155-159	12841.0
160-164	12627.0
165-169	12379.0
170-174	12226.0
175-179	12230.0
180-184	11884.0
185-189	11619.0
190-194	11348.0
195-199	10965.0
200-204	10614.0
205-209	10385.0
210-214	10014.0
215-219	9756.0
220-224	9551.0
225-229	9193.0
230-234	8768.0
235-239	8444.0
240-244	8314.0
245-249	24067.0
250-252	240268.0
>>END_MODULE
>>Sequence Duplication Levels	pass
#Total Deduplicated Percentage	76.95362186513749
#Duplication Level	Percentage of total
1	61.830437176415934
2	21.09811020227604
3	8.73884744622874
4	3.770411053053689
5	1.8627707785285033
6	0.9715658984868752
7	0.5443207247053725
8	0.28459766977342593
9	0.19489194746638897
>10	0.6388923007535575
>50	0.0
>100	0.06515480231149243
>500	0.0
>1k	0.0
>5k	0.0
>10k+	0.0
>>END_MODULE
>>Overrepresented sequences	pass
>>END_MODULE
>>Adapter Content	pass
#Position	Illumina Universal Adapter	Illumina Small RNA 3' Adapter	Illumina Small RNA 5' Adapter	Nextera Transposase Sequence	PolyA	PolyG
1	0.0	0.0	0.0	0.0	0.0	0.003865391602823282
2	0.0	0.0	0.0	0.0	0.0	0.003865391602823282
3	0.0	0.0	0.0	0.0	0.0	0.003865391602823282
4	0.0	0.0	0.0	0.0	0.0	0.003865391602823282
5	0.0	0.0	0.0	0.0	0.0	0.003865391602823282
6	0.0	0.0	0.0	0.0	0.0	0.003865391602823282
7	0.0	0.0	0.0	0.0	0.0	0.003865391602823282
8	0.0	0.0	0.0	0.0	0.0	0.003865391602823282
9	0.0	0.0	0.0	0.0	0.0	0.003865391602823282
10-14	0.0	0.0	0.0	0.0	0.0	0.0038653916028232814
15-19	0.0	0.0	0.0	0.0	0.0	0.0038653916028232814
20-24	0.0	0.0	0.0	0.0	0.0	0.0038653916028232814
25-29	0.0	0.0	0.0	0.0	0.0	0.0038653916028232814
30-34	0.0	0.0	0.0	3.092313282258625E-5	1.23692531290345E-4	0.0038653916028232814
35-39	0.0	0.0	0.0	5.875395236291388E-4	1.5461566411293127E-4	0.0038653916028232814
40-44	0.0	0.0	0.0	0.001206002180080864	1.5461566411293127E-4	0.0038653916028232814
45-49	0.0	0.0	0.0	0.0018553879693551753	1.5461566411293127E-4	0.0038653916028232814
50-54	0.0	0.0	0.0	0.003216005813548971	1.5461566411293127E-4	0.0038653916028232814
55-59	0.0	0.0	0.0	0.0040200072669362135	1.5461566411293127E-4	0.0038653916028232814
60-64	0.0	0.0	0.0	0.004885854985968628	1.5461566411293127E-4	0.0038653916028232814
65-69	0.0	0.0	0.0	0.006246472830162424	1.5461566411293127E-4	0.0038653916028232814
70-74	0.0	0.0	0.0	0.007421551877420701	2.4738506258069E-4	0.0038653916028232814
75-79	0.0	0.0	0.0	0.00850386152621122	3.0923132822586254E-4	0.0038653916028232814
80-84	0.0	0.0	0.0	0.010915865886372948	3.0923132822586254E-4	0.0038653916028232814
85-89	0.0	0.0	0.0	0.012802176988550708	3.401544610484488E-4	0.0038653916028232814
90-94	0.0	0.0	0.0	0.014441103028147783	4.6384699233879384E-4	0.0038653916028232814
95-99	0.0	0.0	0.0	0.01669849172419658	4.6384699233879384E-4	0.003927237868468454
100-104	0.0	0.0	0.0	0.02016188260032624	4.9477012516138E-4	0.0040200072669362135
105-109	0.0	0.0	0.0	0.022419271296375037	0.0011441559144356912	0.004050930399758799
110-114	0.0	0.0	0.0	0.025078660719117452	0.0016389260395970717	0.00420554606387173
115-119	0.0	0.0	0.0	0.028882206056295563	0.0022573886960487967	0.004329238595162076
120-124	0.0	0.0	0.0	0.03358252224532868	0.0030923132822586255	0.004329238595162076
125-129	0.0	0.0	0.0	0.03880853169234576	0.00420554606387173	0.004329238595162076
130-134	0.0	0.0	0.0	0.044281926201943524	0.005473394509597767	0.004329238595162076
135-139	0.0	0.0	0.0	0.049631628180250936	0.006772166088146391	0.004329238595162076
140-144	0.0	0.0	0.0	0.05522871522113905	0.008132783932340185	0.004391084860807248
145-149	0.0	0.0	0.0	0.06073303286355941	0.010204633831453465	0.0044838542592750075
150-154	0.0	0.0	0.0	0.06583534977928614	0.01286402325419588	0.004607546790565352
155-159	0.0	0.0	0.0	0.07081397416372252	0.014750334356373646	0.004638469923387938
160-164	0.0	0.0	0.0	0.07548336721993305	0.016512952927261064	0.004700316189033111
165-169	0.0	0.0	0.0	0.07925598942428858	0.019048649818713133	0.004947701251613801
170-174	0.0	0.0	0.0	0.08296676536299893	0.021275115381939345	0.004947701251613801
175-179	0.0	0.0	0.0	0.08816185167719341	0.024243736132907624	0.004947701251613801
180-184	0.0	0.0	0.0	0.0949340177653398	0.027645280743392113	0.004947701251613801
185-189	0.0	0.0	0.0	0.09997448841542136	0.032902213323231774	0.004947701251613801
190-194	0.0	0.0	0.0	0.10615911497993862	0.0373551444496842	0.004947701251613801
195-199	0.0	0.0	0.0	0.11234374154445588	0.04193176810742696	0.004947701251613801
200-204	0.0	0.0	0.0	0.11957975462494104	0.04752885514831508	0.004947701251613801
205-209	0.0	0.0	0.0	0.12372345442316761	0.054424713767751806	0.004947701251613801
210-214	0.0	0.0	0.0	0.12962977279228158	0.06076395599638199	0.004947701251613801
215-219	0.0	0.0	0.0	0.134082703918734	0.06419642373968906	0.004947701251613801
220-224	0.0	0.0	0.0	0.1404219461473642	0.06818550787380269	0.004947701251613801
225-229	0.0	0.0	0.0	0.147163189102688	0.07384444118033598	0.004947701251613801
230-234	0.0	0.0	0.0	0.15381166265954402	0.08040014533872426	0.004947701251613801
235-239	0.0	0.0	0.0	0.15875936391115786	0.08683215696582222	0.004947701251613801
240	0.0	0.0	0.0	0.15940874970043215	0.0904501635060648	0.004947701251613801
>>END_MODULE
